src/main/resources/francja.asc
ncols         408
nrows         288
xllcorner     -6
yllcorner     40
cellsize      0.0416666666667
NODATA_value  0
[rows 144 to 179 of 288, columns 81 to 161 of 408]
0 0 0 0 0 0 0 0 0 0 0 0 0 0 0 0 0 0 0 0 0 0 0 0 0 0 0 0 0 76.57184 79.29045 81.12833 87.01627 93.75865 0 0 482.481 305.6612 55.64655 303.1398 153.7518 76.8466 138.4568 74.01336 27.69185 33.16666 43.73623 19.94785 30.47284 44.16702 107.4611 25.59319 33.82874 30.80533 26.41467 14.42272 19.18069 20.85066 10.77445 16.57904 14.2767 12.8373 11.20069 14.30598 28.21669 27.38645 29.41129 32.99322 40.98878 21.08691 16.75607 17.17895 29.45265 23.90616 12.10619 14.24034 12.9633 20.84252 31.19694 27.40606 15.64635
0 0 0 0 0 0 0 0 0 0 0 0 0 0 0 0 0 0 0 0 0 0 0 0 0 0 0 0 0 75.93645 155.0481 171.908 149.4396 129.5061 0 0 270.2726 127.5476 126.5769 1063.56 338.7352 107.5146 94.39463 66.022 23.54583 29.00222 27.86909 26.76969 30.88834 47.58958 318.479 86.11054 30.78778 22.27731 17.10466 11.41817 18.2668 18.21247 15.73917 14.47163 13.32921 10.00002 10.6289 17.45772 19.93856 24.09936 22.71422 25.92625 20.46577 20.23866 10.83657 14.76761 13.17171 12.20212 23.91867 29.35927 44.60195 34.833 21.66623 17.0779 17.4795
0 0 0 0 0 0 0 0 0 0 0 0 0 0 0 0 0 0 0 0 0 0 0 0 0 0 0 0 0 0 171.9409 161.6597 112.035 177.0291 225.4847 0 19.86782 24.5715 50.40015 156.8794 149.1986 63.24844 51.64819 56.68349 58.62096 45.11459 46.60555 46.83917 24.38222 34.97889 70.08639 48.07238 27.76052 24.95016 23.28893 42.94197 28.95361 15.06288 34.83747 18.93853 17.25753 14.33789 44.72886 56.96756 27.25346 37.76978 59.80836 100.0863 30.87851 30.71162 21.08379 11.32063 10.79574 23.58314 34.8755 36.33685 45.40987 49.52266 39.09858 30.60401 39.76066
0 0 0 0 0 0 0 0 0 0 0 0 0 0 0 0 0 0 0 0 0 0 0 0 0 0 0 0 0 0 0 0 172.5349 159.701 189.618 244.0007 169.1937 20.48207 24.18557 61.30163 79.56181 54.61848 76.61697 48.85806 55.12741 48.54658 56.48079 46.44138 38.4973 33.1873 46.60523 33.84161 28.82643 32.61572 44.79924 82.70828 25.49352 18.66393 17.29419 15.25924 16.99945 14.74281 23.43277 33.32519 25.85221 34.76154 52.48807 62.08123 36.04691 46.00409 28.33455 15.65546 17.75725 50.60654 34.62008 28.78093 35.8326 35.93657 31.8172 57.72937 57.46209
0 0 0 0 0 0 0 0 0 0 0 0 0 0 0 0 0 0 0 0 0 0 0 0 0 0 0 0 0 0 0 0 103.7912 103.6371 91.65704 183.3307 176.752 35.34328 25.45984 29.61443 29.55529 73.06869 103.5835 45.81992 71.58458 43.35506 42.40597 63.10248 63.15533 45.19917 57.62507 33.08725 30.73069 31.76875 33.02525 39.39845 30.84782 28.55382 23.26774 21.96536 22.67948 33.14661 41.54639 23.48615 25.72488 45.64746 51.3572 44.20596 27.94228 33.34835 38.00637 25.17191 36.54066 80.94592 41.61703 13.94812 12.59868 13.28244 7.616212 11.30632 13.96223
0 0 0 0 0 0 0 0 0 0 0 0 0 0 0 0 0 0 0 0 0 0 0 0 0 0 0 0 0 0 0 0 0 72.14078 72.80794 89.42347 84.88393 45.90811 39.11287 28.79689 29.02267 23.24831 35.32047 54.20384 47.894 80.91895 118.3087 441.0177 190.8069 102.1005 78.49559 53.82822 89.95228 62.54697 51.85261 52.82838 30.67023 34.06694 44.16811 31.94536 47.05271 57.91509 36.18694 30.54926 40.34486 65.82343 61.32294 63.92245 38.74171 44.5433 42.4361 73.79137 78.76485 45.83914 25.20807 25.91671 31.09809 15.70996 12.29186 11.48069 13.41718
0 0 0 0 0 0 0 0 0 0 0 0 0 0 0 0 0 0 0 0 0 0 0 0 0 0 0 0 0 0 0 0 0 72.03316 65.49136 94.89836 154.3435 117.1165 59.42648 62.64215 49.05662 56.80023 45.50083 54.84541 62.54543 66.81228 414.614 500.1811 273.9141 115.0034 104.9025 58.4508 37.66232 83.65049 153.4133 193.0879 53.35408 48.22411 56.54359 37.10571 34.55408 30.26161 31.1161 38.98644 50.16412 67.54301 99.27834 109.8499 105.2575 100.9326 78.99282 61.04234 198.7917 39.76444 25.63456 23.7381 21.85456 16.21599 10.64265 12.64115 17.29965
0 0 0 0 0 0 0 0 0 0 0 0 0 0 0 0 0 0 0 0 0 0 0 0 0 0 0 0 0 0 0 0 0 62.21832 56.67724 91.06384 87.93146 131.3491 109.786 162.2745 245.2992 83.52822 48.12057 44.69402 43.59222 51.57797 96.6408 75.34196 77.39101 43.62069 68.10769 40.43741 41.82563 78.31005 686.295 592.4127 95.79709 70.14612 174.6097 201.1597 48.25053 34.93311 42.96809 84.37939 117.4714 346.2744 430.3931 380.1786 399.9765 178.6866 59.2887 31.36489 28.87347 48.30995 29.32806 40.06749 19.61601 15.00746 11.82095 14.04314 23.16186
0 0 0 0 0 0 0 0 0 0 0 0 0 0 0 0 0 0 0 0 0 0 0 0 0 0 0 0 0 0 0 0 0 0 0 296.1189 286.9765 546.6657 675.7765 224.2968 157.1233 58.90822 47.54247 42.07084 37.7132 42.65797 55.89068 64.13243 39.99192 38.71706 28.61465 32.92513 38.47248 63.69957 77.67451 105.6248 66.84093 69.62052 56.23685 65.08632 42.79373 56.28651 50.83951 96.45386 231.9952 889.2123 1680.468 1103.353 489.6718 101.2866 63.60655 49.95149 40.79702 31.55662 42.90595 37.88075 25.02256 23.59245 17.73824 42.11913 25.35654
0 0 0 0 0 0 0 0 0 0 0 0 0 0 0 0 0 0 0 0 0 0 0 0 0 0 0 0 0 0 0 0 0 0 0 0 0 892.6287 721.8461 435.5475 110.143 66.47246 44.0437 40.17856 34.44662 36.64161 52.59984 51.99472 37.26607 98.93421 45.27684 28.59512 23.75073 36.56732 40.50617 42.74856 42.13983 64.78299 46.22337 24.74089 42.75049 108.3906 99.25691 97.55659 156.3691 267.3344 264.8905 147.6371 72.41212 59.37366 55.21825 43.47489 20.32848 30.92405 15.53622 23.15508 16.06154 19.64262 25.79851 35.35938 28.91093
0 0 0 0 0 0 0 0 0 0 0 0 0 0 0 0 0 0 0 0 0 0 0 0 0 0 0 0 0 0 0 0 0 0 0 0 54.99414 54.99414 54.99414 230.9528 173.6973 41.18295 51.57318 81.34444 42.29559 40.84089 71.48272 44.98461 45.85149 141.3129 58.95096 27.801 30.95049 34.11715 34.16322 38.03421 28.67344 37.15605 36.835 24.66685 27.88678 34.78812 56.42572 71.09104 61.97413 70.53934 72.13407 26.72822 27.74794 48.58453 47.58516 22.26935 11.82826 12.35831 11.3169 19.74595 22.52436 20.17623 30.04599 53.10736 20.93535
0 0 0 0 0 0 0 0 0 0 0 0 0 0 0 0 0 0 0 0 0 0 0 0 0 0 0 0 0 0 0 0 0 0 0 83.687 68.52809 64.81717 54.99414 0 0 40.48833 43.40304 30.42095 41.41518 32.38225 32.92793 31.95066 22.88669 36.38791 32.26929 27.97209 27.20677 30.97169 23.83183 64.35298 31.54147 33.95584 59.64553 44.517 27.20839 22.38967 19.89278 15.86275 27.85138 37.41991 31.83279 20.36564 18.82908 21.67415 23.0823 16.49694 7.478387 9.087442 8.074051 13.7611 16.63196 24.28907 62.90129 109.0527 55.86118
0 0 0 0 0 0 0 0 0 0 0 0 0 0 0 0 0 0 0 0 0 0 0 0 0 0 0 0 0 0 0 0 0 0 0 71.11417 58.27439 36.18085 39.457 51.0161 0 0 26.02447 35.98259 39.10466 28.1885 23.71602 24.27798 32.06069 55.23932 42.99842 41.78506 63.38734 43.24171 26.34338 21.76035 23.801 33.73552 72.2936 170.528 32.25406 18.12208 24.2512 45.33327 26.19242 22.0695 25.08289 18.63281 16.02582 47.92067 22.15328 10.43674 14.01235 14.52758 11.26742 7.04236 6.423316 10.14109 11.31793 14.18546 32.10861
0 0 0 0 0 0 0 0 0 0 0 0 0 0 0 0 0 0 0 0 0 0 0 0 0 0 0 0 0 0 0 0 0 0 0 21.0768 21.0768 33.78093 46.75864 23.67732 19.18771 19.18771 0 0 21.85714 28.2085 22.37485 19.45315 23.96937 29.2634 38.6669 47.43673 184.5049 94.41067 35.66895 21.52368 24.46255 34.70206 59.63561 36.75697 24.5485 14.55 12.97661 22.35926 19.18563 37.34063 34.24649 17.70428 16.30487 11.87511 14.86804 18.09612 15.82239 34.57159 19.9854 11.05307 8.229083 7.331686 11.63246 22.10487 22.46893
0 0 0 0 0 0 0 0 0 0 0 0 0 0 0 0 0 0 0 0 0 0 0 0 0 0 0 0 0 0 0 0 0 0 0 21.52436 21.43449 22.81876 25.24821 23.74488 23.92227 34.32523 36.24742 0 26.1044 18.39258 16.23027 24.00846 26.023 34.35994 28.78361 27.38792 32.65261 37.97922 33.59462 31.18045 33.91489 34.54723 29.35212 16.40835 16.73835 17.89417 11.57287 14.57654 12.43395 30.20271 32.06858 20.35034 15.94857 10.79157 11.80462 15.19102 15.39118 18.6785 12.4752 10.90588 14.1646 19.19196 31.92741 36.30521 27.35713
0 0 0 0 0 0 0 0 0 0 0 0 0 0 0 0 0 0 0 0 0 0 0 0 0 0 0 0 0 0 0 0 0 0 0 20.56625 20.56625 20.56625 37.25271 42.42364 33.04471 32.11086 35.95761 41.85837 0 13.56041 16.69102 29.08668 40.08683 50.81759 33.07895 19.7977 22.32266 24.14912 27.46803 24.52849 30.8643 32.33014 18.23144 10.08815 12.06662 15.49724 22.0087 14.88636 11.82315 19.1633 15.62493 14.90388 22.34282 14.42452 12.84959 24.0184 30.30343 24.43097 10.08562 15.42828 19.8701 31.24895 48.79094 47.24624 22.10366
0 0 0 0 0 0 0 0 0 0 0 0 0 0 0 0 0 0 0 0 0 0 0 0 0 0 0 0 0 0 0 0 0 0 0 20.56625 20.12406 18.8109 45.43103 50.95829 102.3572 58.83057 35.9688 44.93809 45.57859 59.39431 76.76948 68.53556 50.63226 37.08732 26.32908 31.38165 34.64544 65.90926 52.5392 28.88465 19.28581 29.51081 22.19547 12.14722 10.49588 15.1194 15.95403 20.78391 28.7286 13.95835 19.98031 15.14145 30.74351 36.18702 27.87133 30.07719 19.45582 16.04098 14.37718 17.80839 29.93624 27.01921 23.14557 28.15284 26.34582
0 0 0 0 0 0 0 0 0 0 0 0 0 0 0 0 0 0 0 0 0 0 0 0 0 0 0 0 0 0 0 0 0 0 5.978814 7.243181 6.199999 5.973251 8.849922 41.20502 124.4086 41.83399 36.53903 50.45445 60.8737 0 37.41333 34.50679 71.18908 62.60839 25.50321 24.74913 34.72303 93.91367 28.56938 22.32269 31.60687 27.42231 14.59839 17.07527 12.29771 11.33545 17.46673 60.91308 47.74802 18.48819 33.30566 32.85949 18.50946 31.73919 77.14452 62.76983 30.60628 30.2569 35.34526 37.95326 42.45123 24.15068 29.69891 48.45117 44.49513
0 0 0 0 0 0 0 0 0 0 0 0 0 0 0 0 0 0 0 0 0 0 0 0 0 0 0 0 0 0 0 0 0 0 12.55291 12.06932 11.47695 10.22702 8.477053 20.42212 48.01314 36.92414 61.61758 65.83444 98.31698 60.83847 23.02519 37.87667 64.59562 77.35441 28.55146 24.85765 20.89055 26.32542 25.5718 26.5998 37.04648 39.65076 43.84328 31.67117 13.1766 6.669448 10.2131 28.95388 25.63602 22.93479 23.4305 26.21881 23.24485 19.80085 83.9724 92.09812 50.17945 31.46913 48.76189 47.68254 44.34623 56.26473 126.7782 167.5153 119.7547
0 0 0 0 0 0 0 0 0 0 0 0 0 0 0 0 0 0 0 0 0 0 0 0 0 0 0 0 0 0 0 0 0 0 12.56209 12.56209 12.56209 12.56209 12.56209 12.56209 16.80462 25.80523 45.22928 52.13187 123.2627 85.30136 18.94525 35.91278 94.2812 68.95113 34.92485 37.84324 61.55386 47.25171 19.08288 12.98724 21.01399 23.30093 39.77301 27.19206 27.42469 39.08197 37.79475 33.07698 22.47265 25.50828 33.52638 14.59482 11.12358 11.7661 16.05441 19.0685 24.28574 32.18957 32.38345 55.66492 59.53224 125.8456 246.5797 938.5551 1318.793
0 0 0 0 0 0 0 0 0 0 0 0 0 0 0 0 0 0 0 0 0 0 0 0 0 0 0 0 0 0 0 0 0 0 12.11214 12.15806 12.14522 12.46209 12.56022 11.6584 20.46122 24.55125 24.55125 24.55125 28.05397 36.00082 145.574 193.1387 104.4561 80.30622 75.4098 64.52191 81.54733 111.5711 36.45299 21.91016 19.25213 22.0382 22.59017 22.08038 20.25329 36.77818 43.64669 29.99398 29.15319 30.01539 18.75742 7.723338 7.49647 4.823843 4.735037 11.49615 21.95344 29.02774 111.8037 155.9154 98.77659 108.4931 131.272 235.1001 129.6352
0 0 0 0 0 0 0 0 0 0 0 0 0 0 0 0 0 0 0 0 0 0 0 0 0 0 0 0 0 0 0 0 0 0 7.951157 7.951157 7.951157 8.265978 8.371725 7.951157 10.04022 20.37485 24.55263 27.0702 34.49188 75.15023 142.1827 122.9021 91.49688 88.09345 83.4975 81.27625 92.06196 139.8377 52.73661 29.93159 17.92214 28.26217 30.67024 32.94038 34.90486 40.7725 83.5926 22.58665 25.73405 23.22092 8.503745 12.91177 11.96479 8.733801 7.023015 12.92789 37.23006 89.49982 152.0563 97.9153 45.2335 40.07314 45.78817 55.72167 74.81384
0 0 0 0 0 0 0 0 0 0 0 0 0 0 0 0 0 0 0 0 0 0 0 0 0 0 0 0 0 0 0 0 0 0 16.22819 12.71217 8.826471 7.951157 7.951157 8.896699 10.02296 22.69206 29.79763 35.35719 52.92842 57.40755 90.62255 92.6916 101.3593 114.5036 118.7223 122.2478 152.9321 135.7685 89.5336 64.17265 40.23834 33.28127 96.35947 114.0252 146.5062 91.18534 37.93546 27.29943 38.1987 21.94436 36.1158 43.77979 19.59221 16.74686 16.28391 56.49729 51.84436 80.50521 68.92856 27.57521 22.7923 20.49188 19.54033 36.5433 41.37768
0 0 0 0 0 0 0 0 0 0 0 0 0 0 0 0 0 0 0 0 0 0 0 0 0 0 0 0 0 0 0 0 0 0 22.38025 22.38025 20.93794 16.15967 19.17349 15.67899 14.25175 18.08716 49.46059 146.3698 47.19257 49.29098 94.6329 107.383 130.3819 134.879 131.9686 178.3043 277.3332 142.8725 86.06981 84.26889 94.51787 64.87436 138.7539 155.2234 200.3488 216.8194 128.5429 105.2 63.6579 76.15859 103.2295 65.87634 25.44376 24.15213 44.63783 197.4131 41.25104 19.67423 15.19725 22.11967 35.13086 21.71157 18.86181 35.75901 37.18378
0 0 0 0 0 0 0 0 0 0 0 0 0 0 0 0 0 0 0 0 0 0 0 0 0 0 0 0 0 0 0 0 0 22.38025 22.38025 22.38025 22.38025 22.38025 22.38025 17.4515 16.24063 16.24063 16.6015 101.5228 45.27592 87.19681 124.2898 179.2516 248.9532 274.5386 262.6357 179.963 295.6997 233.5605 148.2701 89.78928 123.7333 119.4591 134.6072 123.8589 66.78056 47.08261 39.40802 43.26907 56.50411 33.41465 65.36734 51.02085 20.56897 16.71181 12.0809 16.48299 11.90578 10.6134 16.45289 15.9627 16.80711 17.49631 17.02633 19.12935 19.52339
0 0 0 0 0 0 0 0 0 0 0 0 0 0 0 0 0 0 0 0 0 0 0 0 0 0 0 0 0 0 0 0 0 20.93951 21.60508 21.67601 21.93909 19.50863 10.89569 9.763898 16.03867 15.99228 14.94746 74.47961 166.0566 186.7563 329.8804 367.3576 437.7949 418.1181 458.0039 432.247 237.5773 251.3607 203.6866 125.1158 127.8907 613.9771 69.65714 49.44379 47.15788 45.92322 40.46624 32.14723 37.24962 23.26399 21.77407 21.33551 13.75405 11.07638 11.35403 11.79175 15.05902 22.32559 37.74434 27.09666 20.77744 20.52933 17.25473 15.42438 12.86134
0 0 0 0 0 0 0 0 0 0 0 0 0 0 0 0 0 0 0 0 0 0 0 0 0 0 0 0 0 0 0 0 0 14.10246 14.10246 14.10246 14.20902 10.87616 6.168369 6.229803 9.389529 30.72499 172.5466 384.532 377.5881 341.9836 691.5782 1191.883 887.5986 3682.659 1720.56 645.4379 330.0462 282.0499 239.7675 149.3127 174.2196 751.4861 80.44381 62.44608 48.50259 61.07627 43.48939 31.62294 33.5774 26.00016 23.99728 41.84525 68.45652 42.04276 49.71339 97.89521 100.9333 176.704 229.3139 112.7006 55.19489 26.5828 10.58847 22.15944 39.40816
0 0 0 0 0 0 0 0 0 0 0 0 0 0 0 0 0 0 0 0 0 0 0 0 0 0 0 0 0 0 0 0 0 14.10246 14.10246 14.10246 14.10246 16.50363 24.17076 8.712792 13.18933 58.0229 264.9928 263.0518 297.6309 809.0161 1221.594 2063.656 4100.013 4330.297 2732.598 576.0114 263.243 159.5874 157.8808 132.8604 101.3823 95.5448 82.46275 84.42661 96.35977 151.9453 222.9069 77.93231 80.01311 93.68247 85.40002 85.33147 325.7343 85.51669 78.01113 106.7505 141.4241 250.6659 426.6505 348.0541 129.6472 83.8936 71.63374 43.44374 100.297
0 0 0 0 0 0 0 0 0 0 0 0 0 0 0 0 0 0 0 0 0 0 0 0 0 0 0 0 0 0 0 0 0 43.77772 45.40723 62.47442 83.35408 102.6697 97.70863 54.59131 57.91907 66.22048 72.41795 95.63873 85.59271 896.8532 1552.083 1579.017 3528.947 3326.221 1218.451 395.8257 253.2426 150.3658 104.6745 91.81576 91.52151 73.10423 114.6397 92.53419 62.47263 65.16363 71.37507 46.54259 61.01376 62.49577 46.83858 79.40968 157.9289 74.25375 60.4112 67.83791 66.39973 67.39476 190.9892 226.1381 74.4065 42.19296 30.57613 45.61594 51.56849
0 0 0 0 0 0 0 0 0 0 0 0 0 0 0 0 0 0 0 0 0 0 0 0 0 0 0 0 0 0 0 0 0 79.74505 79.74504 113.7309 309.5833 410.6403 60.44295 58.48136 58.54622 64.86526 71.75083 71.59374 126.4285 951.9326 721.0819 1088.363 1406.684 1371.676 715.2822 257.5655 222.5553 158.6767 255.3275 102.3622 87.81969 44.94954 50.91924 57.22206 50.8816 27.18703 29.58857 20.42827 27.98698 25.5099 23.31819 30.31938 31.90013 30.25629 23.06531 32.11556 63.15988 46.42719 35.75382 39.32772 26.4409 24.85677 20.407 22.06836 32.25416
0 0 0 0 0 0 0 0 0 0 0 0 0 0 0 0 0 0 0 0 0 0 0 0 0 0 0 0 0 0 0 0 79.74505 79.74505 79.74506 0 687.2902 241.6314 59.44977 69.37789 75.72167 80.85224 143.5653 166.1772 167.5975 169.7297 169.6346 257.1218 218.1352 254.5362 251.8384 199.7454 186.4284 148.2129 83.01088 52.07651 67.52936 40.51315 37.08658 36.65613 39.65893 35.69693 20.29877 16.07454 18.89978 21.64224 20.49274 16.97036 22.62803 18.47919 15.15687 17.22513 28.92989 31.19616 29.61531 21.24044 16.5434 40.16971 11.35876 12.60906 14.97896
0 0 0 0 0 0 0 0 0 0 0 0 0 0 0 0 0 0 0 0 0 0 0 0 0 0 0 0 0 0 0 0 79.74505 79.74506 157.1691 0 0 71.56077 76.25632 98.17318 132.4803 196.8443 172.8247 68.22001 91.68852 128.8821 114.4817 126.7991 106.3551 137.0722 176.8361 232.2774 192.5836 140.2028 170.9772 71.84525 40.9479 30.81326 32.52764 37.06508 41.8422 52.57964 25.28404 13.86689 16.43018 20.30072 20.0647 44.14412 35.73311 17.00096 13.28294 35.29433 61.53365 32.48527 21.59569 18.40449 19.27917 18.31533 11.28755 12.38292 13.78155
0 0 0 0 0 0 0 0 0 0 0 0 0 0 0 0 0 0 0 0 0 0 0 0 0 0 0 0 0 0 0 0 79.74504 79.74505 734.9935 446.2954 399.0266 425.0767 114.9754 171.8001 130.386 82.96557 47.15102 45.30748 44.28791 43.20039 28.18397 21.59415 21.59415 40.07393 86.05961 115.2098 77.35563 63.60073 213.5311 228.007 72.42719 36.13579 34.92792 24.59459 27.61267 48.84657 36.77307 24.94926 52.06975 68.99144 26.57099 28.25054 33.9546 24.84938 37.49367 44.54303 41.82309 39.16733 29.92128 24.34676 31.59283 54.36335 14.65027 16.15396 32.47762
0 0 0 0 0 0 0 0 0 0 0 0 0 0 0 0 0 0 0 0 0 0 0 0 0 0 0 0 0 0 0 0 79.80195 149.3443 157.1691 157.1691 356.4675 352.8314 91.75149 80.79055 47.15102 46.76727 44.2252 42.29019 43.11715 44.28791 39.04105 14.64478 23.80522 31.10251 32.54185 32.5299 28.2371 37.72543 81.61591 120.2648 89.00132 96.1795 52.81631 53.92336 78.02858 137.7177 102.8792 31.98277 22.01825 28.46134 32.95923 24.10245 19.92583 24.28607 27.89741 133.6043 54.69059 20.0272 15.71678 11.8458 16.06116 30.79329 16.48199 15.98471 25.17137
0 0 0 0 0 0 0 0 0 0 0 0 0 0 0 0 0 0 0 0 0 0 0 0 0 0 0 0 0 0 0 0 157.1691 157.1691 157.1691 157.1691 318.5185 232.5579 91.7515 60.33649 45.33607 41.29014 39.84055 37.89869 26.71983 26.89735 12.66877 9.968271 21.55198 26.80514 19.56677 23.80451 27.30927 27.5862 80.90853 130.6224 277.7095 281.369 92.99789 119.3246 59.29237 104.3688 107.3991 53.55291 80.34597 67.46149 122.2646 202.5725 30.40017 26.10509 26.77941 99.98196 27.74593 16.8822 13.09773 13.66726 14.24427 29.60223 37.8336 23.99895 23.39078
0 0 0 0 0 0 0 0 0 0 0 0 0 0 0 0 0 0 0 0 0 0 0 0 0 0 0 0 0 0 0 0 157.1691 157.1691 157.1691 157.1691 215.2155 58.36977 72.13815 41.03495 39.85229 39.80904 27.09669 21.05609 18.82909 16.3277 10.82027 10.77787 16.28537 20.42777 11.20421 16.13794 21.203 31.2703 43.9166 69.28721 131.8971 246.4786 53.75087 42.2159 35.90823 39.02701 50.41808 43.42597 49.14394 135.0844 195.0944 262.008 108.3763 43.13539 22.05418 24.67521 17.85592 15.49953 9.469167 13.56481 15.77666 26.0885 28.2 32.68856 31.11006
