src/main/resources/francja.asc
ncols         408
nrows         288
xllcorner     -6
yllcorner     40
cellsize      0.0416666666667
NODATA_value  0
[rows 180 to 215 of 288, columns 81 to 161 of 408]
0 0 0 0 0 0 0 0 0 0 0 0 0 0 0 0 0 0 0 0 0 0 0 0 0 0 0 0 0 0 0 0 116.7508 119.0318 90.6002 52.52361 26.40455 25.53414 25.53414 29.52124 26.83177 19.36914 13.88937 18.43593 18.82909 18.1036 14.24547 13.32038 13.02328 17.24542 10.33838 9.764311 9.667168 34.77777 44.07277 45.92849 48.22435 64.7075 53.08213 35.28434 23.87542 19.57407 19.42428 36.31743 49.04557 43.83485 186.2071 171.6542 74.37791 51.96984 40.30033 15.61565 20.47422 14.63245 12.81218 13.7915 22.94942 44.5074 36.39223 96.16275 73.4481
0 0 0 0 0 0 0 0 0 0 0 0 0 0 0 0 0 0 0 0 0 0 0 0 0 0 0 0 0 0 0 0 49.49471 49.49471 49.49471 49.49471 46.93027 36.1661 22.9895 11.86985 10.29346 14.07917 17.55622 17.32058 14.17621 12.50788 7.052001 4.657037 10.84199 12.25318 12.92546 9.974612 6.839295 35.97178 31.93133 21.57515 39.82742 110.0274 87.53452 24.34357 26.20707 18.19294 31.66267 19.07141 30.85837 43.14648 62.69375 48.33384 31.5285 53.55608 71.31395 35.09209 21.89222 19.83651 33.88997 33.65079 44.3427 135.7719 116.4296 209.0748 275.7586
0 0 0 0 0 0 0 0 0 0 0 0 0 0 0 0 0 0 0 0 0 0 0 0 0 0 0 0 0 0 0 0 49.49471 49.49471 49.49471 49.49471 47.76344 43.11655 28.57591 11.50604 10.50266 7.960788 7.960788 7.960788 8.616365 9.392795 5.471737 3.925653 9.286271 12.33106 12.26397 8.920663 7.451532 16.02314 16.74582 22.60914 26.73159 38.58691 19.50089 18.53171 18.39727 18.95093 36.29484 14.45185 23.43573 30.69746 26.62469 64.22205 44.45391 37.79652 212.0605 147.6473 41.70315 33.80004 65.51573 64.32173 103.7098 163.7018 114.3732 193.1363 264.1835
0 0 0 0 0 0 0 0 0 0 0 0 0 0 0 0 0 0 0 0 0 0 0 0 0 0 0 0 0 0 0 0 46.00797 44.68061 43.0155 42.99298 40.93375 40.78521 39.5477 12.91895 11.50547 9.563375 8.275859 8.83253 9.61701 9.559469 7.178274 4.138994 5.057261 6.328401 3.788603 1.234825 2.429016 7.108963 11.34349 9.631043 29.06798 22.39122 14.99246 13.97571 11.61892 10.70552 12.80364 13.01272 18.53255 32.78604 17.88492 20.85104 31.25759 35.62849 157.9169 101.4687 49.33445 42.44678 47.09656 32.29086 29.46762 34.84449 25.51784 91.57343 107.6369
0 0 0 0 0 0 0 0 0 0 0 0 0 0 0 0 0 0 0 0 0 0 0 0 0 0 0 0 0 0 0 0 11.20459 11.2033 11.20184 13.16706 36.17158 30.3298 40.71147 17.85103 11.50604 13.55974 11.7891 9.459249 9.459249 9.459249 7.992086 6.097198 6.097198 5.564388 2.282841 1.714584 2.242776 3.77753 3.475218 4.170823 11.56784 9.066127 8.294665 8.228997 4.91723 5.981446 7.47983 13.46987 110.7623 102.9821 23.55477 11.90988 24.57857 46.45107 49.44223 127.1357 78.22197 27.60076 25.18786 31.92455 29.28072 23.67676 25.12191 38.64445 40.96889
0 0 0 0 0 0 0 0 0 0 0 0 0 0 0 0 0 0 0 0 0 0 0 0 0 0 0 0 0 0 0 0 27.46739 11.76947 11.16015 13.45355 14.27637 12.06096 8.717655 5.855023 11.84293 21.97247 9.231473 8.933462 7.023005 8.455438 7.880388 6.097198 6.070024 4.414443 3.121208 2.425834 1.833099 2.391122 4.40555 9.52354 9.82006 7.132191 3.977422 5.128134 4.739158 4.853851 5.409979 5.812924 26.67435 28.12537 11.87923 12.98882 26.8863 52.00614 56.88899 113.6983 66.88886 42.73566 42.12005 43.71269 44.24858 49.26332 148.3884 107.7664 64.68253
0 0 0 0 0 0 0 0 0 0 0 0 0 0 0 0 0 0 0 0 0 0 0 0 0 0 0 0 0 0 0 60.59308 60.59308 54.52706 39.36826 13.1533 12.09288 10.93463 5.943038 5.735383 23.89976 49.36655 3.832507 3.832507 3.197345 2.96959 3.119662 4.371504 4.715259 3.802236 3.802236 3.802236 3.373135 2.800957 7.714598 9.820061 9.820061 6.204604 1.177521 3.035029 3.149278 3.014114 3.856402 5.095946 5.579529 7.078526 6.462359 7.270801 11.27239 24.81763 58.02672 47.80785 63.71469 44.4178 63.38226 102.6191 210.747 514.0786 572.9016 200.3104 148.8231
0 0 0 0 0 0 0 0 0 0 0 0 0 0 0 0 0 0 0 0 0 0 0 0 0 0 0 0 0 0 0 60.59308 60.59308 60.59308 55.4636 13.81696 7.176474 5.591847 5.613045 5.670896 16.58321 35.65708 3.726901 4.210397 5.267107 5.12103 5.26596 5.930186 6.385832 4.902936 4.09965 4.048898 3.754353 3.511531 3.872785 3.979477 5.136241 4.148106 2.059069 1.344385 2.739589 2.739589 7.687829 9.53499 8.179309 6.174387 5.157451 11.02934 25.16867 66.53993 105.9885 44.07517 32.22357 29.52152 46.75804 80.87812 231.0003 1022.805 755.3734 226.5846 102.1425
0 0 0 0 0 0 0 0 0 0 0 0 0 0 0 0 0 0 0 0 0 0 0 0 0 0 0 0 0 0 0 56.12799 49.05931 36.21161 47.68589 21.77771 6.660339 5.760342 5.610511 5.017988 2.718568 2.657733 3.796243 6.785188 6.794107 6.794107 6.794107 7.414049 10.9197 9.995228 5.827505 5.743649 3.731524 3.451087 3.218202 2.827919 3.382365 3.797897 3.797897 2.744144 2.480464 2.354596 2.938459 3.086925 0.9634238 0.7599862 5.769091 14.27626 31.09573 33.21659 96.15427 97.40407 43.07476 21.70424 25.4249 41.84306 105.0415 138.7717 172.2315 97.56719 75.84411
0 0 0 0 0 0 0 0 0 0 0 0 0 0 0 0 0 0 0 0 0 0 0 0 0 0 0 0 0 0 0 17.93292 18.29882 18.85134 14.29526 8.3607 8.024471 6.221575 6.195275 6.100997 4.30583 3.616163 3.872146 7.035759 7.356063 8.306641 7.616321 6.083379 6.912387 9.44652 10.08932 7.615696 4.945967 3.898142 3.879208 3.096023 3.112428 5.151799 4.453485 2.593776 2.366394 2.214388 1.788344 1.479972 1.217303 2.731242 7.98485 8.046581 8.069319 23.28666 63.86423 78.30884 50.03289 18.34263 22.94807 35.09659 44.90407 61.56354 81.01041 45.35868 43.64638
0 0 0 0 0 0 0 0 0 0 0 0 0 0 0 0 0 0 0 0 0 0 0 0 0 0 0 0 0 0 13.29549 13.31175 15.22567 17.5153 11.74916 8.375332 7.649505 6.261354 6.277215 6.947608 31.96218 70.22194 58.67441 16.42536 9.494426 9.656837 7.4056 6.839269 8.106153 12.00809 14.25673 8.252875 6.650916 6.001406 11.76703 34.09793 9.316402 5.99221 5.420247 4.204587 2.021041 2.382705 2.300582 2.309857 2.622111 8.46896 9.658135 9.839517 16.09915 42.05072 24.39752 15.54288 22.63111 38.50858 21.86281 21.89392 22.20215 22.84122 49.763 43.25087 16.80941
0 0 0 0 0 0 0 0 0 0 0 0 0 0 0 0 0 0 0 0 0 0 0 0 0 0 0 0 0 0 13.31656 13.29549 13.29549 12.83079 9.775527 8.541222 8.058633 6.340503 7.221754 11.34758 18.04073 60.56676 14.06406 8.490945 9.9822 17.04585 12.36319 8.53573 9.61713 11.05976 11.21491 7.879653 8.48101 10.67373 62.64073 74.3068 20.42978 10.80765 9.582867 4.033512 4.46264 7.939148 11.87757 11.12311 7.806693 11.06664 13.02528 12.32633 20.80893 16.52069 17.1456 30.13237 35.98697 31.86111 15.81133 13.35652 10.61831 15.52574 19.81077 19.88367 11.0238
0 0 0 0 0 0 0 0 0 0 0 0 0 0 0 0 0 0 0 0 0 0 0 0 0 0 0 0 0 0 18.33235 16.42595 14.82788 13.59937 11.30426 7.283171 6.373455 6.334055 6.617925 14.76911 14.76817 45.66793 12.49859 8.446886 11.7805 16.36435 15.24916 11.63478 11.48671 11.07104 9.883069 8.198421 12.74689 17.49647 18.58877 22.44151 13.07251 12.75055 14.84173 6.963266 10.88753 11.70308 49.2324 33.00165 12.14952 18.74006 16.82817 18.57404 12.50069 11.88184 46.85193 65.16833 65.16833 47.96729 18.85116 16.86071 12.3326 27.92515 25.01722 30.85337 19.58105
0 0 0 0 0 0 0 0 0 0 0 0 0 0 0 0 0 0 0 0 0 0 0 0 0 0 0 0 0 0 18.64603 18.61057 15.8364 14.61442 14.59977 13.49023 8.85673 6.697822 9.155774 16.46278 16.46278 16.38698 9.119072 7.69802 7.949919 9.463242 24.21901 23.21615 19.35143 17.91291 179.442 194.9207 16.6583 26.33057 27.84034 36.65186 21.7879 15.7584 17.45794 14.07754 16.79516 22.49575 22.61495 11.41136 15.29823 22.04681 20.45954 19.51399 17.42409 16.41439 33.0709 64.54761 47.5563 29.78078 17.49767 14.13755 18.27054 43.23657 43.23657 43.04735 16.5834
0 0 0 0 0 0 0 0 0 0 0 0 0 0 0 0 0 0 0 0 0 0 0 0 0 0 0 0 0 30.85937 26.37023 21.8582 20.98327 16.7319 17.56606 21.2555 18.25082 10.88048 11.03108 12.5976 14.27948 16.03365 11.70014 10.40685 10.35888 11.94478 26.62179 30.14018 27.28981 119.2476 609.0048 784.5854 173.3999 26.95715 31.37039 79.00095 31.28634 11.67242 9.343183 8.688562 17.19654 17.24758 22.86343 22.66627 35.4808 40.77257 22.64102 13.79854 19.10947 23.41341 25.90515 33.60826 24.25921 12.2227 12.12316 10.84979 11.31775 22.17393 26.96503 25.7546 26.40932
0 0 0 0 0 0 0 0 0 0 0 0 0 0 0 0 0 0 0 0 0 0 0 0 0 0 0 0 0 40.08825 40.22904 26.65621 25.34836 24.1343 21.25246 20.97929 20.61078 12.52855 10.32653 10.29526 9.522691 8.858822 22.24221 26.8748 30.26255 30.83236 31.50777 29.42404 32.65943 110.7876 168.6808 282.6784 75.63509 46.17343 32.42242 22.31562 14.47166 12.17702 32.31907 15.10395 21.57061 14.96902 13.87367 20.55381 35.4629 48.30632 43.50729 18.7371 16.64133 20.15617 19.79336 28.9726 27.01012 16.25968 15.0965 11.7446 11.59786 61.18486 120.5247 79.82934 18.0655
0 0 0 0 0 0 0 0 0 0 0 0 0 0 0 0 0 0 0 0 0 0 0 0 0 0 0 0 0 54.45559 28.16439 31.145 30.7278 23.33734 20.73131 18.28559 18.20179 11.13175 29.8168 44.82979 41.21576 41.75936 31.83822 72.22636 88.23079 37.00519 21.77058 19.50866 36.84801 40.92492 44.88969 60.97408 80.70544 58.75226 28.65044 22.31127 19.47365 18.47455 11.46595 16.22895 16.84413 16.48658 15.83301 15.81105 17.47953 25.2848 27.52882 10.36541 14.47246 19.90961 22.5947 14.28341 21.68912 33.12213 15.03875 11.39604 12.92337 78.53922 86.14283 29.89839 18.10502
0 0 0 0 0 0 0 0 0 0 0 0 0 0 0 0 0 0 0 0 0 0 0 0 0 0 0 0 60.91505 135.5928 57.8539 55.46559 52.93679 22.25723 21.93874 37.14881 87.31081 140.7592 117.2393 66.13251 50.20759 55.48245 52.86304 44.37825 40.52456 31.22091 23.76494 37.39088 67.18401 72.39899 66.408 40.59966 66.89421 48.55418 23.99286 28.34621 27.6482 19.00158 30.08327 17.79441 16.39978 43.25888 78.46944 16.47494 11.3663 7.337855 12.94477 12.42613 36.2375 57.73897 50.14932 31.67523 14.05031 26.66414 20.52928 12.22007 16.34895 25.91306 31.56226 17.26137 14.87628
0 0 0 0 0 0 0 0 0 0 0 0 0 0 0 0 0 0 0 0 0 0 0 0 0 0 0 0 119.7746 97.7215 65.02932 65.31379 61.42295 39.16307 36.76048 127.9316 195.4398 331.068 234.2995 74.86864 54.53135 46.01042 63.25909 51.88298 56.28735 59.0493 38.12759 43.1913 53.65411 54.70259 35.25848 26.15178 26.81702 27.91071 20.44459 19.23317 71.9018 81.80807 34.37525 16.81399 15.40361 22.56376 23.93469 16.95702 15.81355 9.330967 9.501939 7.395142 6.819801 16.14662 31.32678 36.76248 15.66305 15.94437 21.42231 19.20841 18.50193 31.4921 76.45158 19.9804 13.75156
0 0 0 0 0 0 0 0 0 0 0 0 0 0 0 0 0 0 0 0 0 0 0 0 0 0 0 0 198.1378 176.6424 155.2215 185.3937 105.4535 49.29904 62.92223 55.25602 290.607 636.0571 383.8452 121.2313 57.43116 46.38303 64.14292 45.74961 23.5161 27.28989 29.57513 40.21827 63.15911 47.94111 34.14677 25.82027 24.5094 38.19085 25.27883 51.28087 93.03902 54.49267 37.38736 29.81544 20.79572 20.96519 21.78925 15.61704 18.7779 19.51846 9.625288 7.022896 7.512393 10.53958 9.134463 9.167396 10.66607 13.97328 19.17005 42.43856 116.0236 209.5596 52.51918 25.89746 20.49411
0 0 0 0 0 0 0 0 0 0 0 0 0 0 0 0 0 0 0 0 0 0 0 0 0 0 0 0 445.4837 295.4802 155.019 215.2211 117.8146 77.65623 55.19291 49.07417 66.20135 79.72395 74.91936 58.49982 50.77436 43.46746 40.77673 36.87043 29.43276 22.2836 24.0243 44.56769 133.4974 99.8449 41.43151 37.61435 22.40528 26.86151 36.46621 32.52351 57.97336 20.42877 21.15384 22.69056 42.79207 46.41325 30.46393 19.10076 17.12764 12.15282 8.787053 6.322978 7.838707 6.970383 7.765771 8.099151 14.57567 14.15538 54.74357 230.6063 253.6384 264.4301 125.5334 37.62117 26.28543
0 0 0 0 0 0 0 0 0 0 0 0 0 0 0 0 0 0 0 0 0 0 0 0 0 0 0 219.3633 294.1043 135.9478 62.76708 65.68896 42.57573 40.34202 44.74374 44.98574 40.53044 41.53838 52.51565 55.59538 43.77209 29.50037 39.96937 40.33846 39.98019 43.10664 24.25139 35.27314 27.19602 26.03905 15.87328 21.14418 20.89291 17.02129 20.4975 13.79464 24.99343 11.1507 18.12555 21.46427 20.33816 16.87459 32.61557 55.48017 51.75029 17.86737 8.473613 7.705348 8.20857 8.088741 9.526233 9.900061 13.31647 14.30825 16.6563 36.46158 100.2565 92.65514 33.73157 18.29919 12.31242
0 0 0 0 0 0 0 0 0 0 0 0 0 0 0 0 0 0 0 0 0 0 0 0 0 0 433.8352 383.0907 259.1694 121.6826 66.39677 49.55944 45.48237 38.71034 51.21362 68.62376 156.8797 51.20867 61.48504 56.59882 66.31514 50.35263 33.02283 28.8921 31.76996 35.98679 25.15522 30.70648 22.64858 20.80987 14.79581 21.86376 29.08121 31.16875 17.00604 17.64652 56.93091 20.86529 23.53934 16.88465 13.99353 26.72649 31.08749 31.46712 20.63161 16.70885 14.47719 11.05419 7.343099 8.586958 10.22006 13.13413 23.92892 27.32213 22.7347 19.80238 15.61974 29.48272 27.01304 11.74434 14.25657
0 0 0 0 0 0 0 0 0 0 0 0 0 0 0 0 0 0 0 0 0 0 0 0 0 1403.503 1191.396 1159.338 734.8496 151.5785 117.0544 52.64809 43.83168 34.95609 32.40083 29.54088 33.80578 30.79002 31.38084 27.34144 53.33924 66.81701 47.22931 97.38905 150.5149 59.98659 31.41759 23.26447 21.97128 23.46215 26.66693 17.9381 39.30747 32.55265 21.21882 21.81986 29.29304 12.96499 21.07511 14.62478 14.42877 15.98914 23.70946 23.52277 25.17273 22.05916 38.39957 29.52268 7.074992 10.00664 9.34433 34.22203 111.4031 81.10973 18.85793 13.95278 13.72316 21.0174 9.186791 12.64714 20.42539
0 0 0 0 0 0 0 0 0 0 0 0 0 0 0 0 0 0 0 0 0 0 0 0 435.9502 2431.262 1523.579 1277.784 708.8444 254.8347 126.1438 93.89404 71.19592 32.6206 33.39376 34.40921 20.3222 22.64266 34.37431 46.40609 80.55506 73.59044 43.23659 165.0806 184.9212 121.2171 45.98875 40.41112 45.40039 30.87475 23.28448 24.36299 21.48257 24.33625 70.71329 37.65187 26.60991 19.05856 24.26926 18.05836 22.42012 11.0924 24.1787 59.59623 75.57906 16.86107 11.50751 13.13508 11.88584 21.57521 17.76111 12.93682 26.21151 32.26677 15.51384 12.80554 29.24676 41.82316 9.537602 11.08319 16.45808
0 0 0 0 0 0 0 0 0 0 0 0 0 0 0 0 0 0 0 0 0 0 0 685.4742 567.2808 594.3646 366.3355 341.6314 215.9452 190.7218 80.18331 74.5786 67.0076 35.54575 22.78406 24.90675 17.53171 12.43794 21.15716 19.43878 55.80017 61.70592 30.10971 23.91189 29.05978 38.66571 54.37108 48.51818 43.17257 38.7224 21.37487 66.24945 31.28912 50.52744 66.14053 62.62751 41.16731 27.8014 29.69568 27.13644 38.81112 17.01036 23.63853 42.64281 80.25288 24.56738 19.94126 16.67888 22.05706 25.26315 47.58156 13.60994 11.55968 11.32555 9.540215 11.20398 43.64984 37.75509 10.30098 9.170573 15.59686
0 0 0 0 0 0 0 0 0 0 0 0 0 0 0 0 0 0 0 0 1657.332 648.8749 434.7779 720.2324 374.5043 138.7012 154.6767 195.436 141.2474 122.226 75.04108 71.31445 46.74476 35.53378 24.91096 13.90856 14.58287 14.36492 18.41259 16.87582 65.4637 27.03099 16.80658 13.54515 17.28567 21.52476 46.75477 81.74925 293.391 194.7952 59.05762 75.93433 60.62654 173.9805 233.5036 78.29845 65.55621 31.48569 28.27591 15.87988 16.69604 15.78916 22.59719 84.07355 132.1358 52.83718 69.11105 58.08628 31.11395 16.46492 27.72387 10.9679 11.52828 13.01887 15.23331 15.35442 36.00307 26.11101 11.13879 9.745527 8.132906
0 0 0 0 0 0 0 0 0 0 0 0 0 0 0 0 0 0 0 0 1289.525 212.5562 173.3897 400.9199 150.4632 95.9419 96.94735 93.81631 114.6185 174.4839 120.5959 52.89864 59.2779 28.76159 23.37413 14.44993 24.00869 47.34892 48.80171 29.03516 20.94555 18.80679 24.1741 21.69104 25.45041 51.15803 30.74015 148.3821 222.9762 71.8778 116.4432 219.9137 415.8124 619.5431 1125.809 139.5871 213.6519 88.13847 27.90472 17.69201 26.05603 15.18032 20.90435 26.66508 95.93558 41.7797 42.79719 29.6627 16.07665 10.65696 13.31086 13.86168 12.67842 11.73321 12.70304 10.39031 14.08443 13.6804 19.23527 14.50035 10.7516
0 0 0 0 0 0 0 0 0 0 0 0 0 0 0 0 0 0 0 0 103.5643 114.9632 170.9734 182.8764 67.89377 53.82284 80.65417 67.15747 73.23779 55.03234 57.85539 35.58916 29.05118 26.21705 19.46362 17.7236 19.7162 45.20559 83.41173 24.15081 11.7257 19.90323 17.16371 24.48527 61.24278 53.52797 18.83587 25.17265 52.00663 58.62925 64.42215 172.5604 489.2556 1914.305 2245.794 1232.993 355.0189 87.92316 22.67666 27.42552 20.46412 22.80276 18.39558 64.0247 147.0732 90.04847 36.49016 18.12657 30.12968 15.8335 17.18043 56.18237 31.70723 18.10515 18.44553 26.38321 10.46418 15.11131 31.03991 15.75116 9.426574
0 0 0 0 0 0 0 0 0 0 0 0 0 0 0 0 0 0 0 0 0 0 0 46.4203 46.4203 46.4203 44.48734 44.91497 60.70686 29.56354 19.49008 18.53461 19.97252 25.60585 12.53942 12.37651 10.34292 13.99057 14.63821 14.02085 11.66167 38.76152 21.37671 23.12399 35.74144 28.73644 21.98751 19.47191 31.5596 52.23848 50.38624 42.363 173.4412 392.5756 487.4477 216.1945 295.6281 94.12907 115.1952 52.28342 30.82331 55.20354 72.0174 140.5287 452.948 376.2348 88.29079 38.10225 33.80025 23.71643 17.39676 14.59075 16.28288 18.44517 18.40722 22.57475 12.89234 18.88497 39.77122 22.19114 14.136
0 0 0 0 0 0 0 0 0 0 0 0 0 0 0 0 0 0 0 0 0 0 0 0 0 46.4203 0 0 0 19.97558 20.83652 23.69771 16.52884 20.50863 16.41713 12.5089 18.0755 14.634 11.58523 14.51582 32.28924 138.7546 50.60403 25.44966 22.08877 27.6814 42.58292 65.01867 103.8993 86.665 42.17836 32.61232 84.94311 145.0318 145.4114 105.7926 187.6299 105.7625 60.50953 60.22632 63.85558 66.78463 96.68278 204.9494 2214.13 941.1547 127.9818 46.08108 30.12834 20.40791 16.4207 17.45752 40.2892 17.44564 12.3531 15.48243 13.42496 13.80014 19.47943 15.09123 17.26531
0 0 0 0 0 0 0 0 0 0 0 0 0 0 0 0 0 0 0 0 0 0 0 0 0 0 0 0 0 20.44916 20.44916 25.89801 38.30029 63.22281 25.16554 16.78016 9.473174 9.238107 9.297247 12.25148 21.51945 41.19304 54.88422 16.2219 15.63398 17.90657 41.28992 131.2043 194.8471 55.23211 41.39862 34.4541 72.55944 101.259 38.72685 49.85927 235.4257 164.8243 95.93771 67.08682 79.2832 78.23016 79.84863 278.5904 279.7851 286.7618 139.0992 57.45998 59.60057 48.58619 21.33532 16.26003 22.86133 17.40257 19.14217 13.23299 14.79829 12.7118 12.54525 15.0931 23.13785
0 0 0 0 0 0 0 0 0 0 0 0 0 0 0 0 0 0 0 0 0 0 0 0 0 0 0 0 5.863323 12.23915 17.10624 16.97915 21.31208 100.2181 32.69294 16.97902 4.023891 4.156308 9.439115 7.831491 7.664661 17.76219 25.48906 22.40125 18.03479 24.02235 21.57544 78.81637 96.8112 105.5941 61.71196 44.84307 49.98181 55.81363 28.01076 43.11529 32.87072 97.96127 71.82285 118.1535 127.7064 67.12291 88.66496 66.81516 70.58581 88.34625 59.42468 26.0648 24.44547 21.32617 27.48654 33.82741 114.8644 30.18598 26.71454 23.17732 25.89437 30.35594 40.45102 82.17402 150.6746
0 0 0 0 0 0 0 0 0 0 0 0 0 0 0 0 0 0 0 0 0 0 0 0 0 0 0 14.24097 13.99227 8.676064 6.13397 13.64528 15.82848 14.03052 8.661712 5.264667 3.754159 3.864094 4.89757 5.061151 6.965229 18.36092 28.83122 14.65299 11.35105 16.07027 16.74217 15.23841 36.67385 113.2506 118.5169 59.23354 52.22872 28.90058 18.42583 34.41021 37.57522 42.28449 40.33373 52.33712 224.9297 252.7102 219.9587 57.06772 40.00969 59.89564 69.58962 45.77643 22.28853 19.20722 43.17985 69.34714 219.8715 72.04993 51.87929 46.68258 116.554 92.37469 82.90876 141.2559 247.397
0 0 0 0 0 0 0 0 0 0 0 0 0 0 0 0 0 0 0 0 0 0 0 0 0 0 0 14.24097 12.4827 10.93948 6.144844 11.18441 9.66762 7.237054 6.683136 3.438727 2.787834 4.039248 4.373971 3.98382 3.808063 9.332117 9.104297 9.94591 10.9351 10.8617 10.63532 9.549825 6.3627 4.296188 7.902321 20.00826 19.35069 12.12155 10.46924 16.95847 29.98408 25.45188 22.79278 25.07501 34.33587 48.93371 88.61993 25.30476 25.87728 58.47709 72.92406 68.05849 15.25803 13.537 23.87572 38.72984 53.37224 27.84289 33.50478 34.01485 111.2597 83.3213 67.01267 46.66829 52.07074
0 0 0 0 0 0 0 0 0 0 0 0 0 0 0 0 0 0 0 0 0 0 0 0 0 0 0 0 11.41119 11.41119 7.351479 0 0 0 5.821669 2.373307 2.355661 1.713015 1.335677 1.335677 1.335677 3.374995 2.81334 6.180847 8.456573 10.03315 7.459113 7.140128 21.06224 13.01303 4.139756 11.99707 12.85664 19.82305 6.585483 9.108084 7.272784 8.571939 7.302223 19.69952 235.8655 59.39826 7.751913 3.859539 21.91041 57.9894 32.78446 18.19602 12.48541 10.06462 12.11597 21.16609 15.70393 11.17906 11.3856 11.6622 30.58915 97.24953 27.63733 20.89738 23.39294
