src/main/resources/francja.asc
ncols         408
nrows         288
xllcorner     -6
yllcorner     40
cellsize      0.0416666666667
NODATA_value  0
[rows 144 to 179 of 288, columns 243 to 323 of 408]
56.73973 48.9098 64.95668 82.18552 98.29652 93.02987 31.68706 31.1399 42.52671 66.73298 66.38909 105.6908 276.1439 638.6949 2198.157 769.9442 296.1902 97.49555 76.43491 91.00735 41.7039 130.3317 154.0032 16.90933 45.19854 44.93264 84.30388 73.84084 145.0668 331.1454 266.8867 52.46384 15.79322 25.45689 58.95692 59.29494 25.91624 12.2466 12.47736 36.22174 40.68798 89.45373 51.54324 75.88489 113.041 220.9049 259.0625 260.1919 242.6019 104.9728 92.12894 60.25836 56.78961 28.96467 26.31543 33.15123 34.30512 27.1401 86.96037 171.9182 171.2724 148.5598 68.29745 68.24563 138.6682 73.41576 75.84097 82.19901 82.19901 0 0 0 0 0 0 0 0 0 0 0 0
27.62997 34.71854 40.73394 39.57456 65.27767 94.16502 127.61 64.96619 56.5047 77.78075 145.1457 152.8695 184.8548 305.4255 377.4733 554.7482 349.1335 232.3976 60.22467 165.8743 174.3711 97.41264 25.12417 26.77577 42.57232 167.7536 160.5636 73.27688 219.7108 272.3212 267.7077 65.81345 40.05902 40.7881 58.48566 37.7839 15.82691 29.86501 15.36688 24.78572 74.8334 87.15617 55.52301 96.59746 94.18114 240.7054 634.2673 1064.609 897.9929 408.4401 98.75248 47.82975 51.83241 68.63695 75.52002 57.5293 45.21368 77.65008 226.3123 198.9599 235.4877 144.6622 143.9673 113.2096 104.6101 82.19901 82.19901 82.19901 0 0 82.19901 0 0 0 0 0 0 0 0 0 0
76.21342 45.24358 57.28057 43.01841 29.07049 31.95085 192.8714 414.9153 138.0773 147.6716 144.6114 174.7858 194.6969 273.7743 334.7838 244.7874 559.9781 716.0374 213.4049 231.1834 192.8554 155.3968 91.86181 101.8089 99.5363 277.2379 287.8766 74.58868 169.882 186.5973 94.56998 20.18336 12.54965 19.01201 7.415055 11.905 27.89193 50.12443 19.18475 44.90767 39.66013 48.98017 60.45363 262.0646 183.8122 192.614 487.489 2541.622 1828.664 422.2935 71.76133 47.49159 117.2384 115.1312 84.39577 60.1139 47.11265 34.14368 60.70028 157.0282 184.8755 138.3688 103.5443 114.9762 117.1931 85.22334 82.19901 82.19901 82.19901 0 0 0 0 0 0 0 0 0 0 0 0
52.55083 63.5851 58.10294 54.42746 39.74426 42.62093 38.86822 55.1881 94.94442 96.83052 135.714 457.1166 254.8735 526.7164 521.3384 348.9514 508.728 950.0088 607.785 397.5051 403.9624 285.5231 386.22 147.673 177.3023 118.8718 147.0969 75.31088 121.6071 61.86507 116.8976 61.36945 29.05466 8.240897 6.063364 24.00712 60.75059 88.36507 51.6894 94.73943 85.26784 60.46909 92.88465 627.9083 190.5831 134.2952 518.2618 1174.729 243.3662 208.0894 79.30686 100.3816 73.09146 33.2522 25.89622 30.31498 15.92359 31.10103 57.55674 95.31712 109.7428 80.14574 72.98032 79.88835 103.8012 0 82.19901 82.19901 82.19901 0 0 0 0 0 0 0 0 0 0 0 0
50.90529 116.3409 76.50925 118.1546 59.55793 88.82999 54.33873 53.55077 57.12875 65.95098 104.5982 449.6914 308.2299 391.7265 578.8863 839.0347 1811.341 2858.996 1731.029 939.2654 823.1583 470.7979 244.384 125.8399 130.0107 111.0396 104.652 61.7635 69.84852 37.7637 165.7432 125.4446 31.95202 12.04578 10.4848 26.54765 39.28491 62.7147 40.11119 49.22839 65.86036 49.46848 45.51532 158.2281 239.6051 267.4182 172.2219 166.4014 212.5621 176.3416 115.7931 25.78233 38.11065 27.64447 22.74624 74.94399 30.55416 36.29447 39.28339 67.47882 75.15465 42.40254 23.52904 40.98524 0 0 0 0 0 0 0 0 0 0 0 0 0 0 0 0 0
25.75125 66.12585 106.2972 77.67786 77.28954 77.94353 54.65102 56.04333 58.90363 104.7957 119.5117 155.2244 207.3221 426.1808 1377.832 2866.805 9707.716 9061.894 7611.528 1674.57 1247.335 1019.626 311.3921 186.2062 347.9447 438.3721 173.5212 85.86392 54.74482 40.56931 37.87894 48.77049 54.48713 31.44911 12.42668 19.6374 77.53297 227.0319 82.07034 60.72424 36.08319 59.68705 124.5772 185.078 106.2395 137.3063 114.5214 47.41508 27.56182 70.10711 159.8532 139.9863 84.79838 48.44685 98.38699 110.0629 64.89268 24.43222 18.19923 13.18693 12.23344 18.22956 22.7366 41.48794 44.88134 0 0 0 0 0 0 0 0 0 0 0 0 0 0 0 0
40.41014 141.9454 270.2062 92.88305 46.88398 55.79761 60.72836 101.6507 122.0092 79.45176 52.80647 124.4579 255.1869 555.4057 1118.519 1998.205 6120.873 7928.76 4916.626 1659.055 836.546 607.3561 315.5851 112.8721 462.5986 374.2162 236.6338 221.181 62.51117 53.26436 27.12006 37.30317 45.55745 50.46805 47.47696 25.33552 74.3356 247.1847 88.33719 82.2391 51.52739 73.28977 452.8591 275.6338 98.08836 56.69849 26.67373 36.52872 30.33842 50.2678 81.23169 127.4307 105.9032 81.86816 79.00236 72.36864 34.39925 35.05513 15.34157 12.55316 12.5573 14.78395 37.28401 44.88134 44.88134 0 0 0 0 0 0 0 0 0 0 0 0 0 0 0 0
24.95035 27.83825 45.27746 47.75359 53.20307 60.57657 54.10053 69.06472 116.8998 68.33775 95.44978 133.0614 214.3143 357.1741 675.836 1249.946 1535.916 1787.386 1944.66 1192.759 985.9161 415.3015 253.352 160.5172 127.4681 125.9689 90.21687 77.1892 130.783 123.1155 80.62488 99.54217 209.4373 56.38175 48.84229 29.69872 35.45482 63.97969 65.08891 90.59757 60.32059 74.29825 1212.772 565.2546 132.8379 28.8828 16.65734 46.16911 29.76839 10.56659 17.89898 34.64162 65.58295 166.0303 439.9633 276.2504 31.52144 18.88085 12.69952 12.69952 12.69952 26.89067 44.88134 44.88134 46.4432 57.26282 61.07701 0 0 0 0 0 0 0 0 0 0 0 0 0 0
34.61133 44.25901 257.1777 153.9721 90.75222 150.0958 145.3193 169.7649 111.2881 81.48621 102.4748 105.2268 223.5623 267.6936 319.5737 761.4365 757.3126 398.689 476.2251 523.778 388.4625 192.6285 287.1875 312.695 561.6931 462.2371 417.6273 200.6409 136.1192 156.6377 127.0297 109.2128 118.9355 137.0262 163.795 102.1953 37.58905 35.55999 20.2449 36.71432 128.2635 324.9103 422.4153 240.0908 55.67619 26.01466 13.44228 12.28004 15.66979 11.0417 17.84434 41.358 202.8397 295.6842 417.0522 136.7206 82.16714 35.74304 12.57237 12.26925 18.52431 40.7555 44.88134 45.68081 58.76575 45.07289 25.5698 6.759265 6.759264 6.759264 0 0 0 0 0 0 0 0 0 0 0
29.77697 65.35616 126.7234 195.6994 361.0554 203.5726 125.7363 80.36794 62.95999 49.34134 72.99045 129.668 221.7264 302.463 349.7291 834.975 762.0332 391.8442 158.0374 164.6331 189.4851 239.7449 268.966 219.2162 976.227 633.0627 1238.697 989.4786 403.5257 178.9842 156.5306 207.7557 181.0368 168.2804 138.835 162.1504 117.5963 72.81524 57.73649 75.47707 208.5712 457.5395 1555.751 911.9466 202.867 56.27726 22.83295 18.70256 47.42344 37.15807 79.44231 90.28088 86.91071 75.50494 49.25262 45.62048 29.32134 33.67808 27.82095 30.12883 21.36717 30.48402 40.83727 45.34519 49.7718 18.60466 8.971066 6.759264 6.759264 0 0 0 0 0 0 0 0 0 0 0 0
130.6445 156.3467 182.5207 504.3705 401.1342 145.4574 121.432 92.33389 76.5677 64.37598 192.9115 265.0138 190.367 150.114 238.9569 471.316 342.8432 384.0308 312.1065 148.0582 126.9035 144.9756 176.1444 181.7116 129.7692 114.0036 174.724 280.7086 266.7561 131.7324 145.1686 409.5647 190.4589 210.1905 156.2723 169.3921 100.453 95.5844 66.40923 83.46032 83.8455 233.404 1696.471 1768.056 946.6547 65.40788 23.2462 75.63026 142.6563 107.843 109.0103 105.4678 36.10649 21.09771 27.44272 29.3647 44.53179 26.69011 43.47446 66.41691 43.11624 35.1911 48.26855 56.0009 40.3365 20.33177 7.652232 6.759264 6.759264 0 0 0 0 0 0 0 0 0 0 0 0
120.0639 212.5733 441.1169 430.3191 284.1328 152.1507 155.5223 294.4969 230.6509 280.2054 621.6438 965.6021 157.6209 61.46448 49.08683 110.4812 143.8124 700.6736 1068.542 318.8666 143.9579 108.1669 109.6326 121.2432 150.682 131.2511 94.90252 97.63342 83.06704 88.87408 95.645 81.98579 88.74715 114.6309 118.3923 138.8851 165.7248 250.5476 143.7086 39.58523 49.26786 76.97937 57.83796 344.6145 268.0134 121.8809 265.51 109.0697 79.26974 72.72689 21.55816 11.47219 75.65629 11.16288 4.440387 6.42526 42.77782 101.762 30.76576 30.70676 66.39503 40.53355 36.32656 15.08063 11.85856 12.17916 18.16989 21.27896 13.89826 14.85296 0 0 0 0 0 0 0 0 0 0 0
102.3643 176.8228 247.455 562.1285 353.9606 978.5052 1026.823 758.8196 603.4619 668.87 361.5876 164.474 38.85464 49.39167 142.9157 235.2778 161.3265 198.7039 296.9993 120.3546 88.42148 88.6266 53.82933 53.04976 115.3371 67.79726 52.45802 59.91396 63.63432 70.84059 70.50982 64.66399 79.32025 82.88701 89.08437 92.72491 96.93203 91.94659 83.15181 46.67627 37.58765 31.14073 29.60471 96.10935 156.8562 170.2383 164.6602 163.4602 78.34331 31.03704 21.5287 14.28864 23.73078 23.1836 15.33069 20.04866 42.32648 257.1524 127.1566 40.0778 70.39228 35.26931 16.17143 10.00057 10.33928 13.86347 29.01381 26.6169 24.48136 24.45691 17.21931 13.68972 0 0 0 0 0 0 0 0 0
47.33063 55.18292 107.999 1772.751 984.6443 973.3796 1849.292 1406.101 692.8844 349.3265 179.2624 75.22129 96.71433 107.9193 150.9702 489.662 205.359 99.92342 94.86351 67.08192 69.25902 68.21785 35.90442 30.12252 28.5715 32.68476 44.13037 53.26675 65.78098 53.86936 79.84579 77.09228 79.81967 166.6949 129.9029 80.46939 77.27341 55.64113 108.29 68.63808 28.41431 23.16828 23.32632 56.11568 145.338 290.5963 86.72395 137.1178 37.29663 26.86174 19.392 30.14399 23.55739 11.55319 14.93506 17.77799 9.562466 30.82735 58.1657 51.47028 56.8157 28.75835 15.42165 8.742478 8.130276 11.53644 23.76303 17.2413 13.68972 13.01788 10.1206 8.075477 2.494621 0 0 0 0 0 0 0 0
51.50481 110.9258 264.4901 1029.776 755.5889 612.3792 858.0075 867.2013 902.8063 37.6101 22.30108 44.97309 79.46525 81.75506 162.5861 393.0853 480.1143 98.89275 63.20493 64.80435 45.32675 39.30903 40.42899 34.20766 53.49359 41.51136 92.64481 145.3583 80.49799 69.26453 76.73968 157.024 180.4753 213.0257 554.623 471.6784 168.5179 88.31118 124.0767 89.09335 23.91994 17.67423 24.70256 71.11227 223.0423 337.4438 121.3028 79.67786 44.66896 25.20386 21.64893 39.65455 27.82945 7.329274 7.552949 8.080225 14.40331 19.20565 29.24236 34.20041 36.01028 23.15926 13.51578 9.503669 5.68205 3.984408 3.089012 11.68124 13.34522 5.50847 2.494621 2.494621 2.494621 2.494621 0 0 0 0 0 0 0
38.48346 157.5133 210.0844 439.8329 338.6425 146.8618 66.12887 70.87741 68.23927 46.78948 16.24437 32.30297 62.31023 98.54588 144.1504 436.5098 407.8947 131.6069 108.2484 86.39723 82.78811 124.6278 126.3215 56.89745 63.21232 55.39756 84.37646 148.8856 132.3534 115.2281 110.2333 139.9895 351.8665 350.3715 535.3072 622.998 213.8487 72.28757 96.07567 44.76035 12.95858 14.83321 37.0756 295.5726 245.2096 95.22981 76.79551 2.994686 49.40642 56.21432 28.80672 71.81537 138.5486 16.51757 12.28536 14.22746 17.60611 17.60611 23.51829 30.11843 34.55534 19.44866 8.665689 5.659368 3.177642 3.023112 3.023112 3.036466 3.555008 2.335617 2.34926 2.482515 2.494621 0 0 0 0 0 0 0 0
137.7087 189.3515 166.2713 128.6139 117.6578 98.76008 61.13984 48.81719 35.63182 48.22374 73.5157 111.17 74.37494 71.12914 120.9277 149.9095 210.744 185.1854 83.14584 109.8263 82.73454 97.6697 97.81306 43.05014 44.01169 39.81335 58.26128 92.48084 48.4694 67.14243 49.51534 101.3528 307.138 335.8532 355.3057 304.0489 239.1847 103.078 20.61668 13.50979 20.7877 66.23475 367.7636 310.8468 105.3222 64.44999 22.96863 3.316857 2.959076 2.291998 2.173206 31.14912 37.58169 57.4118 29.72004 32.66666 17.72337 17.60611 18.77004 25.39562 21.6703 9.115191 7.866055 3.047083 3.023112 4.076217 8.760211 11.29185 3.720917 2.053137 2.053137 2.086054 2.481319 0 0 0 0 0 0 0 0
149.7712 201.5644 188.7617 117.2534 72.26834 55.98159 41.30878 24.62046 33.83972 43.81915 15.38329 134.7821 317.9146 318.7339 183.9588 81.6236 197.1096 135.4128 101.9611 74.68624 65.38304 55.74236 44.75275 29.05153 16.92043 23.80582 20.83877 18.87476 24.32673 33.67442 29.12468 72.14928 165.1027 159.6301 61.69156 150.0898 376.2832 138.0777 44.88533 62.50151 299.4492 493.1053 972.8597 380.1548 63.77278 53.90398 3.417029 3.417029 2.475924 2.178572 5.286512 25.22983 130.7588 410.8962 67.40413 39.6801 44.47217 31.84881 14.03369 17.28471 25.41681 15.78448 19.1037 5.501131 3.561517 4.986918 7.264999 10.20064 5.534808 2.053137 2.053137 2.053137 2.053137 0 0 0 0 0 0 0 0
83.83228 110.2144 164.9811 81.92665 77.33324 73.74577 23.78173 19.36193 20.9485 25.1879 37.16326 251.8922 336.7393 387.7918 132.062 115.2617 143.335 77.60989 64.97933 73.16125 58.39981 39.55544 33.85156 22.63363 15.92991 15.14038 16.29855 21.64275 34.11357 33.33766 145.3147 114.2513 74.81604 42.54382 44.23999 97.69711 527.579 1238.884 494.8869 900.0519 813.7141 727.6185 334.5365 33.65753 52.63449 52.85257 11.13492 5.19339 3.019897 5.064856 14.53481 28.35717 23.49224 10.72432 43.24724 28.48187 63.20322 38.04255 6.266454 13.85587 22.85953 14.85035 16.53783 9.608565 4.216207 4.28126 5.925795 6.141428 6.133716 4.401486 2.141899 2.053137 2.053137 0 0 0 0 0 0 0 0
74.37298 45.04544 49.82044 43.39036 80.4025 61.85957 20.13356 6.711567 8.210738 15.81166 26.34271 49.31725 66.81728 88.58678 80.86027 108.327 341.8977 109.2459 85.94703 45.44381 37.89829 39.47038 39.63872 31.52757 21.38559 26.91185 28.87578 35.73686 131.2805 84.21017 91.05637 77.64622 55.27396 41.56271 40.67669 32.38499 802.5529 3547.345 6665.806 2720.806 741.6584 333.8865 66.18566 38.10785 22.5405 19.5559 6.783202 6.403338 6.327189 7.685347 5.773514 3.097611 9.596757 12.64412 17.8998 19.37926 25.70605 12.73763 5.600827 8.90862 51.80439 27.9956 11.74498 9.233326 4.39506 4.191261 4.368026 5.668657 6.141428 0 0 0 0 0 0 0 0 0 0 0 0
87.26086 59.04125 30.3965 46.52576 34.85781 15.37451 14.48476 13.59276 6.106038 9.133855 19.25052 34.53888 33.42526 50.19224 45.02958 49.51619 109.7944 92.85592 73.69855 48.87969 140.8037 93.08791 66.02657 38.56269 23.9182 27.57322 45.80396 104.6776 472.7865 138.0299 40.417 14.76419 13.36408 42.5066 56.70849 92.29216 461.2559 1637.767 3337.869 1145.934 249.0089 210.5591 133.743 50.90005 23.19608 20.0115 7.906854 6.602915 5.233667 2.779169 3.073804 3.100707 5.014473 12.31417 13.01117 13.01117 13.06955 12.94299 7.317023 32.76173 38.01474 37.08927 11.27077 10.25434 5.084862 4.191261 4.191261 0 0 0 0 0 0 0 0 0 0 0 0 0 0
75.94625 32.8346 24.84916 55.47416 57.29156 34.76756 12.0149 10.43563 5.98615 24.35477 25.85687 20.36237 30.92909 25.62572 38.46988 61.5087 139.6995 106.7499 81.62099 105.8348 185.8712 174.1561 123.1467 117.7594 72.82508 55.29538 65.01754 114.9133 86.29446 46.94065 14.99189 12.97617 15.3461 54.3814 83.06701 113.7212 317.93 536.4881 310.6746 337.3139 167.6903 178.4783 30.29414 19.29949 34.34118 32.21313 64.63036 95.24844 5.702724 2.782627 3.738948 4.812658 4.520498 8.428931 13.01117 13.01117 11.41002 8.045425 5.518147 6.749013 22.58999 37.13009 0 0 0 0 0 0 0 0 0 0 0 0 0 0 0 0 0 0 0
21.59262 20.05167 21.13836 28.44052 54.24846 38.307 11.53516 8.012367 7.858745 9.155782 23.14037 35.70208 25.96511 33.67643 38.71577 178.1127 446.4254 583.0536 100.1221 132.6568 193.2606 848.4932 680.7338 359.5826 89.13235 62.45494 74.17535 86.18608 68.67265 90.88231 7.978631 9.33541 42.70058 54.15806 69.65858 100.6535 176.0352 282.0209 303.8617 403.439 100.0237 29.87146 18.40652 10.80439 11.40153 45.2553 31.6881 21.70054 9.569297 7.48444 5.322575 5.150138 5.064169 5.16902 10.03917 10.93526 8.957052 2.228041 2.222491 2.222491 2.222491 2.222491 0 0 0 0 0 0 0 0 0 0 0 0 0 0 0 0 0 0 0
10.23492 13.30475 19.71606 18.10912 28.8854 34.46571 49.89587 41.66084 19.20776 17.58941 17.75141 24.23127 34.79219 26.84768 34.3793 57.34552 154.3367 204.0257 157.1071 79.75168 114.9343 477.8166 592.2603 171.6121 58.01721 57.39582 36.27969 59.97791 79.79479 48.8825 11.56803 12.08911 21.04391 11.46902 53.60775 74.34992 132.2339 202.5853 119.895 65.87855 37.99832 7.250561 3.882704 5.181343 8.228441 7.576501 34.382 27.74865 27.3182 19.36856 4.696953 5.119558 4.651732 3.877169 4.691389 7.881498 7.672004 3.622526 2.329785 4.121262 2.222491 2.222491 2.222491 2.222491 0 0 0 0 0 0 0 0 0 0 0 0 0 0 0 0 0
8.850469 13.35674 14.01743 4.023498 12.97857 20.29648 27.63227 33.40203 25.54182 21.49539 55.2091 70.35851 28.35757 19.10693 27.26156 33.54145 92.34492 329.7993 569.5789 304.3363 185.8855 110.7445 138.4428 108.2881 43.93243 28.338 22.90149 28.03229 45.70904 36.63298 16.37332 13.73915 11.36207 10.50375 14.00705 42.19916 47.26409 46.46027 73.61183 81.53702 36.73284 22.54239 2.662645 2.439976 2.233392 9.496448 48.08947 30.84595 18.65161 8.445609 0.4890639 0.6196495 1.477422 3.877169 4.573773 7.881498 7.881498 7.880542 10.99346 27.1502 6.182503 5.220354 7.966776 11.27286 0 0 0 0 0 0 0 0 0 0 0 0 0 0 0 0 0
9.428586 5.882776 3.923548 8.337153 19.69313 43.89145 48.87372 50.15324 25.59932 18.11251 15.30029 30.5635 24.26518 21.81597 35.71046 67.15114 283.3083 775.1834 1400.09 1327.121 467.6803 168.4011 104.0153 62.82195 47.32231 29.06565 1.044687 2.608678 2.608678 4.902277 11.45419 5.813452 5.936511 6.110772 11.31337 22.42473 74.65448 26.21717 75.73402 163.6921 86.90326 18.04049 5.464743 4.428257 2.340142 3.090957 26.55445 17.50891 1.168006 0.4593007 0.4593007 0.4593007 0.649325 2.740845 4.391422 5.894845 6.21377 16.6288 32.91154 84.4487 97.54392 9.718835 11.40952 11.42248 0 0 0 0 0 0 0 0 0 0 0 0 0 0 0 0 0
10.2079 5.38736 2.834769 6.938761 22.46997 37.60478 96.73385 104.2739 26.43186 18.89961 22.16925 18.39683 37.52945 25.5904 19.02527 51.7434 95.7176 519.9559 1327.748 563.9905 242.0174 184.6726 102.3115 36.20698 26.30221 1.411752 1.523885 2.048103 2.498688 4.768016 6.08085 5.575525 5.00759 4.509341 4.561043 15.44997 37.55396 10.68622 16.49569 185.2022 106.1399 30.90945 14.56678 13.66498 8.565605 1.134661 1.100629 1.063382 0.8972902 0.5718732 0.4593007 0.4593007 0.4593007 2.237876 4.334542 4.334542 4.334542 21.58396 56.57622 120.6886 316.0907 158.1212 6.030905 1.389586 1.297574 0 0 0 0 0 0 0 0 0 0 0 0 0 0 0 0
7.808171 7.629065 7.557125 6.346013 7.715238 16.26624 8.196711 3.375878 12.37009 14.02809 23.1391 22.74381 24.74446 18.92604 11.69673 47.97646 161.7083 248.9547 387.9464 213.4959 154.157 80.35005 35.25924 10.93373 7.856618 3.635675 1.680297 2.158397 2.352484 5.667542 5.755232 5.575525 4.813472 5.457834 7.613704 9.564782 12.09631 7.593841 12.94638 14.70857 12.28101 18.168 6.458961 3.97299 4.426918 1.783803 1.100629 1.564646 2.295253 0.9593136 0.6516688 0.798331 0.8268577 4.998333 6.634408 6.923182 7.043922 12.22832 27.39458 42.2394 45.44925 10.86162 1.297574 1.297574 1.297574 1.3004 5.684468 6.278947 6.278947 6.278947 0 0 0 0 0 0 0 0 0 0 0
3.897744 6.555494 4.82896 6.382963 4.699286 5.382679 16.483 13.09908 18.33157 13.76313 51.23655 63.07018 44.37986 19.51843 60.4438 270.5846 223.2682 168.5816 140.3457 123.9647 93.55247 63.27332 34.20823 6.264634 8.676508 4.884425 4.365648 4.323205 8.67205 10.72993 5.396069 6.303509 5.428 5.215907 5.17402 13.91073 14.62324 11.22444 35.20068 32.97193 15.31076 7.381516 7.62674 15.96423 10.90671 13.8128 7.942089 4.18538 2.688733 0.8733836 0.87218 0.9142368 0.8807971 6.738745 11.02762 15.87134 21.56127 28.77821 30.86146 26.94121 34.63472 18.20653 3.761316 4.295348 4.322291 10.50977 7.1911 6.278947 6.278876 6.278947 0 0 0 0 0 0 0 0 0 0 0
4.212589 7.342773 8.49065 6.497294 8.538894 14.26399 13.32566 8.593479 7.774424 10.30397 18.02205 43.69802 63.87743 69.71922 92.84509 222.751 201.73 184.712 137.2798 117.1564 65.53751 64.05849 46.58399 19.30425 27.86417 7.222841 4.954254 6.66566 12.80652 71.82465 46.0592 19.12499 4.185182 2.796682 2.470462 6.688421 14.72469 10.38179 9.931457 6.452297 5.793411 3.916439 2.669109 2.359199 12.23174 21.79029 12.45811 5.750116 4.111926 1.445463 1.095344 1.286322 1.266648 11.09988 30.39768 27.17574 22.10627 20.09394 25.46123 16.51246 14.57499 8.156746 5.228367 6.108048 6.484179 10.87336 12.3978 3.8266 1.321551 1.058764 0 0 0 0 0 0 0 0 0 0 0
4.150629 17.10615 15.17643 20.10607 15.91152 29.22509 14.8031 13.0543 17.24061 52.93092 194.2064 402.3924 124.4652 127.4111 114.5233 140.847 139.3032 77.74257 42.68579 48.4269 107.9086 322.686 127.6165 40.37689 20.18034 10.39001 10.37566 12.84957 24.43961 73.53928 66.47787 39.38325 11.97911 2.95451 1.471488 1.104082 7.347813 6.347761 4.23933 3.340322 3.04183 2.58757 2.841098 5.692563 8.723948 15.94074 12.50403 4.237846 3.745162 3.332498 1.376763 1.298581 2.992533 5.677683 3.528291 1.858804 2.681246 2.436545 3.941535 13.13322 12.36202 14.52593 6.494435 9.776592 5.961303 5.706033 7.381566 3.546259 1.110047 1.056989 1.056989 0 0 0 0 0 0 0 0 0 0
6.886956 31.31485 44.04813 54.70858 74.40162 84.13985 37.80615 48.94492 28.64441 23.58052 48.28416 90.29121 82.6805 72.10822 59.68864 96.83789 65.59456 19.8968 38.14023 20.76021 29.37125 68.84546 83.14295 38.55303 26.94248 46.78539 16.72266 8.976386 7.4991 10.23237 16.31318 13.10041 14.52931 8.113517 1.603428 0.963413 2.490648 5.103962 5.057138 4.702159 5.033429 7.15014 7.526256 7.823989 8.087739 12.40205 41.26505 67.0872 34.50659 14.84705 15.754 7.314229 7.413468 7.413468 6.779729 6.102665 11.66786 9.652539 8.937912 17.00255 29.86004 35.54963 29.73977 27.07784 7.0041 5.460208 6.05392 5.803128 3.830589 1.056989 1.056989 0 0 0 0 0 0 0 0 0 0
7.870294 15.39881 44.37217 48.46193 153.4796 223.6827 258.0311 116.767 35.36266 13.10611 11.29942 9.033623 16.05689 35.62181 91.53391 127.8656 60.25289 32.74978 35.16631 30.16568 32.43842 15.7042 13.97006 12.69233 9.500261 8.207531 3.831784 2.395008 3.855501 11.10809 17.3308 16.96925 11.79119 6.577317 3.026232 2.807011 2.22528 3.134109 3.514382 2.618004 3.691357 3.145106 7.003574 9.600731 100.3267 325.8841 72.30699 55.9104 50.27568 42.99166 23.25709 13.28354 7.161821 3.987047 7.583163 13.99615 14.56195 14.42207 12.82231 27.0892 42.03318 38.85093 9.369518 2.680157 2.616398 2.554047 2.374901 2.361941 1.333499 0 0 0 0 0 0 0 0 0 0 0 0
10.20351 10.27674 31.40748 27.82722 43.45501 214.2324 554.1242 187.4508 47.52299 26.52645 21.28391 16.29254 33.65491 72.79782 109.589 82.47604 149.1965 75.31965 53.7129 85.68111 55.14541 23.99058 12.39619 13.93305 11.38969 5.088996 0.7272917 2.438285 2.812979 2.929317 7.588971 16.0198 15.06391 2.13523 2.260207 2.54727 3.322648 2.669997 2.348466 12.68536 33.57934 17.08668 14.32833 20.25627 15.29306 21.30461 338.1598 318.5167 113.8797 30.58695 35.89933 33.77814 8.896819 2.958105 3.913584 80.31073 117.1171 33.09581 15.98436 21.8324 27.58729 3.614145 3.498288 3.134361 1.765236 1.143503 0.83929 0.83929 0.83929 0 0 0 0 0 0 0 0 0 0 0 0
13.02773 12.85518 25.16796 51.90836 85.06345 133.6416 126.8608 101.8186 84.78304 74.72399 40.14696 42.05755 176.3884 295.3862 702.263 698.5192 148.4464 107.0571 67.17596 62.42944 24.19286 33.99818 59.09509 13.03614 15.41902 10.18426 4.873213 4.347293 3.581678 1.575914 1.207366 3.968811 5.772766 1.662939 1.702228 2.385838 3.326872 4.763337 7.519711 13.37427 63.42427 46.66155 15.19817 21.54503 22.46537 212.9886 376.9538 334.1378 46.89708 56.8089 63.96778 48.84103 37.3304 14.98219 18.98024 50.78871 165.6194 65.62777 13.40956 6.885671 4.479124 3.391927 2.907468 1.190641 0.83929 0.83929 0.83929 0.83929 0 0 0 0 0 0 0 0 0 0 0 0 0
8.37571 16.59979 33.52572 81.46103 137.9229 43.68791 43.04646 17.95769 45.00027 26.32046 16.63824 29.79942 175.0353 198.6973 309.4684 353.6823 88.80717 42.02561 30.85768 39.06813 32.49659 50.10967 105.8098 47.06876 8.211908 7.15159 4.706203 3.0013 1.038738 1.988027 9.884941 1.868331 1.513524 2.369114 2.700294 2.447597 3.60239 8.376828 14.62074 20.16296 40.29891 17.14362 5.159146 15.90786 33.74452 121.8483 365.4756 103.3093 27.30655 20.56067 37.96067 42.78587 41.39306 17.734 29.42081 17.59809 24.50062 27.49423 9.71208 4.100136 1.743328 1.069072 0.8425304 0.8393707 0.8441076 0.8412536 0 0 0 0 0 0 0 0 0 0 0 0 0 0 0
