src/main/resources/francja.asc
ncols         408
nrows         288
xllcorner     -6
yllcorner     40
cellsize      0.0416666666667
NODATA_value  0
[rows 180 to 215 of 288, columns 243 to 323 of 408]
21.3122 39.27024 86.66123 77.42996 41.06228 75.16892 28.37174 9.763211 6.887939 10.31834 12.37676 19.6054 73.69709 99.79638 97.95435 75.3326 45.91111 23.42066 22.37179 26.52246 41.83038 19.36567 15.62756 18.64763 5.205985 7.409405 4.980299 3.203899 3.573504 7.778903 11.8005 4.971297 5.188892 3.598122 3.008538 3.122121 3.320961 6.996846 10.26061 11.59115 7.101092 4.8262 0.7817547 22.71444 38.9718 73.09678 82.48941 20.29824 41.20466 22.36351 34.50259 13.27029 11.43824 4.360378 7.078845 12.91048 14.25574 26.34598 6.155391 6.155391 3.579121 2.555005 1.745909 1.122189 0.9130247 1.160657 1.515756 0 0 0 0 0 0 0 0 0 0 0 0 0 0
36.67566 48.68366 43.99614 65.24132 60.6496 136.1947 21.24976 9.971836 9.078245 9.023365 10.19386 26.64502 45.11589 122.4383 134.6862 54.91068 41.64278 26.24274 33.86808 37.00643 62.67241 28.73874 26.4033 16.3632 11.90669 14.58673 9.963493 7.738544 5.98101 5.480559 4.930089 8.181701 6.584568 3.63939 3.737576 4.633634 3.342098 20.77631 41.33138 7.444963 5.882572 5.667437 3.789234 7.955015 32.94923 113.8653 37.46288 12.37504 10.6523 9.586702 6.862098 9.332269 10.3826 12.14079 7.851936 2.718135 4.532681 4.399243 9.048581 22.65135 15.56991 7.093521 5.568837 5.672704 3.342114 1.516691 1.515756 1.515756 0 0 0 0 0 0 0 0 0 0 0 0 0
60.01632 36.26032 22.61813 32.4521 30.75349 45.71299 56.65414 52.35943 14.98519 16.21689 73.91501 158.3337 158.9632 212.6586 68.29637 40.3397 36.14046 44.81095 66.98243 121.5346 166.9124 110.426 43.54203 24.65864 51.6097 27.08439 16.97755 14.69155 3.618084 9.687909 5.716401 10.30961 13.27558 4.067992 5.508989 3.923984 3.089558 13.40166 29.62602 11.54586 5.740055 11.17397 12.93414 27.71679 20.52867 14.26517 8.294712 1.952994 13.26207 14.57117 5.068086 9.941379 21.17311 22.90215 10.44487 2.820327 3.24122 3.573684 14.77439 25.88336 103.1997 17.56827 10.28032 8.588651 8.570921 4.184128 1.515756 0 0 0 0 0 0 0 0 0 0 0 0 0 0
27.85848 20.65408 19.23113 18.4084 18.65985 24.4186 18.39713 23.16663 16.50857 11.8673 39.68777 122.6539 196.0085 244.4116 266.6603 295.0974 68.48111 60.26585 68.118 78.67501 144.3132 117.7297 46.1534 204.5983 256.5399 15.21016 7.074492 10.70673 9.666834 7.151362 5.920364 6.001513 5.309012 2.970718 5.828376 3.232228 2.39978 8.941637 23.51588 26.73876 97.26906 13.1542 14.70717 15.88845 11.65004 18.85829 9.668087 3.469889 1.852857 1.813169 1.851551 11.34408 20.17695 21.84837 21.00868 10.14332 3.274028 5.008455 11.12105 5.483758 60.13261 16.00048 11.88687 9.282597 8.422478 5.436406 5.362857 6.487056 0 0 0 0 0 0 0 0 0 0 0 0 0
60.79801 30.20151 22.89713 20.79958 26.37704 32.33945 24.18023 18.19368 20.00719 12.91328 73.10505 102.043 124.3752 189.2355 265.8723 234.8148 112.0969 66.82897 55.72281 56.08345 56.81033 50.21429 41.30757 54.9845 32.63237 9.31923 9.011239 38.48209 19.16488 9.238653 10.95059 8.977991 5.244025 1.817484 2.295264 3.079042 2.958698 5.213181 10.12221 17.03276 70.09738 52.85248 25.20682 11.89617 7.059614 13.13636 6.0765 3.261281 1.633264 1.633264 1.90691 3.031248 5.20276 12.04931 21.21494 18.25183 3.635784 3.349978 4.839029 5.378515 5.429748 5.46114 5.472629 5.78546 2.817526 1.693536 4.126724 6.487056 6.487056 0 0 0 0 0 0 0 0 0 0 0 0
113.5354 136.3302 57.8718 33.21359 42.59547 15.52184 9.451413 8.788651 11.36428 18.38452 84.95839 183.2281 258.2907 100.0578 228.2296 244.9468 114.5576 75.75027 82.38808 67.41032 49.40857 97.81942 160.9442 73.20522 42.54117 20.08928 29.66721 72.64445 29.55833 13.26322 7.555187 6.784811 3.62585 3.117587 3.217161 3.185175 4.757915 7.641461 7.911234 8.622511 21.75444 31.43586 52.26659 12.49795 7.363805 2.536355 2.157986 0.9883512 1.185671 1.282354 2.105374 2.227259 2.240391 1.633784 3.638619 1.252055 0.734054 1.048633 4.414272 4.537991 4.512037 4.545958 5.054458 3.126192 1.681433 2.589646 5.200291 6.487056 6.487056 0 0 0 0 0 0 0 0 0 0 0 0
99.16841 146.1882 53.13152 24.85825 13.83841 13.24566 21.47127 40.5119 44.57404 57.04238 78.30795 124.0124 227.132 135.2337 91.99242 94.62068 89.85705 68.51649 94.53094 35.74331 36.36384 84.69217 163.7595 80.27833 59.33354 52.3012 33.50994 24.80026 8.316556 9.930467 5.2387 4.365523 6.501544 7.067924 7.555907 5.48971 10.50293 9.477715 7.814407 4.473079 20.60676 23.09352 99.38991 98.61999 44.03499 9.078491 5.354323 3.312622 1.191832 1.58378 4.224183 5.61816 7.397393 3.862213 3.890614 0.8682757 0.5944204 1.004225 4.934722 4.695247 4.576881 4.584367 2.462293 1.490492 1.874247 6.039421 6.487056 6.487056 6.487056 5.743949 4.621077 4.621077 4.621077 0 0 0 0 0 0 0 0
107.565 100.5186 32.17238 17.52992 20.9201 14.40298 15.71895 29.53187 33.20018 43.72424 68.9481 363.1877 274.7862 67.17421 97.04507 197.9492 182.4001 162.7709 81.87465 90.67576 86.59972 74.22583 44.15163 64.26004 65.85962 27.58039 25.14452 10.15659 2.489946 6.320936 10.14135 10.29882 4.238523 4.964559 14.51781 6.329859 7.886579 8.928511 7.862826 8.287841 8.172838 12.95467 54.57172 145.6279 48.24378 15.02528 11.48397 8.41102 2.839422 2.576635 5.747238 27.01273 37.24233 7.709685 2.147772 0.5944204 0.5990914 1.736494 5.671953 5.011103 4.764933 4.151429 1.547951 1.477859 1.430648 3.64012 11.70067 5.344195 5.690938 4.783248 4.621077 4.629604 4.990839 5.934476 7.619096 0 0 0 0 0 0
233.492 55.08104 30.63346 19.97347 8.734756 9.787033 10.66916 20.05037 55.11799 59.75801 63.23746 347.5521 410.0724 91.3461 176.0573 335.0032 393.7053 343.9669 205.5575 160.3258 119.6821 61.54436 46.75403 83.31918 69.61295 37.30275 37.91556 37.91744 28.61548 9.035983 7.926134 7.956659 4.284403 3.366275 4.346901 4.365491 2.583427 4.56239 5.213384 8.65167 7.605015 10.16505 29.17496 84.5342 49.44757 36.28192 28.64377 17.73733 17.50115 74.55438 71.1304 30.74831 37.80312 6.728826 1.761091 0.8044976 1.232556 1.66656 9.178745 11.91831 8.082436 4.170898 1.31165 1.494918 1.725255 5.536419 17.18068 16.10699 5.728359 4.790909 4.846114 7.636167 8.594783 7.586 8.47035 11.61371 12.30555 12.30555 6.070487 8.058881 8.058881
194.2483 71.83029 15.85755 17.03188 14.34712 14.53816 11.74729 32.30681 38.08309 53.02314 78.19308 143.5882 186.9999 183.4432 105.8361 172.2399 382.7628 274.1194 172.2505 162.1973 167.9665 241.4747 345.6285 252.9393 75.97133 54.39568 30.67171 25.65353 16.16985 10.09083 9.665709 8.832448 6.959647 8.514728 7.907123 1.983431 2.211536 6.491669 6.247916 10.1691 18.15218 19.71253 16.23957 28.10743 128.8596 111.1867 51.27824 14.59976 56.33971 137.4593 133.2716 73.01929 43.1036 9.362232 3.759707 2.059918 1.686448 1.59757 1.172665 1.367605 1.684477 2.988082 1.916113 4.564542 5.526513 7.810682 14.53009 19.43156 5.776203 4.638608 4.945128 8.241428 7.18502 7.551097 9.100132 12.30555 12.30555 12.30555 7.863712 7.607095 8.058881
118.4781 52.82222 30.14317 26.86602 26.85162 32.08092 114.751 144.7964 68.07678 26.12021 48.25412 126.1631 79.76289 115.2812 207.7399 245.0423 130.7998 131.4639 199.01 208.8999 247.8291 430.9553 755.2071 297.8298 150.0794 92.53981 52.67981 40.01427 19.11132 11.45606 10.07436 9.779737 8.991877 9.013699 7.635964 2.82103 11.15395 12.19856 8.304229 11.82083 18.21321 19.29601 9.85966 43.72878 137.7477 78.28654 40.76364 62.48864 78.65642 134.5702 126.8461 64.81682 125.5646 8.114351 3.534458 3.890222 1.73885 4.618217 1.385522 1.414232 2.216452 3.282074 1.789924 5.44528 6.823433 7.908563 7.898821 7.171284 4.275021 3.089425 4.646652 6.923298 6.561407 6.769594 9.62265 14.10058 22.59006 7.872456 6.357405 7.378794 7.484184
76.33311 64.66942 39.08733 38.77695 51.54027 56.07852 211.0898 230.6794 70.57475 27.97166 27.92706 44.92064 130.4705 91.33659 149.5561 176.3905 264.2114 431.9139 444.7891 372.9508 325.2603 366.0244 430.4529 334.6754 108.3765 83.23687 16.76426 14.0276 9.83806 10.04579 13.07755 14.09911 6.978846 9.437196 10.00764 7.262226 19.05194 14.24223 12.80715 17.51823 16.83628 13.10498 36.02126 104.4034 60.13371 48.29923 47.6662 61.89585 40.70199 33.84493 19.56453 3.698167 7.168456 2.807997 2.725801 4.293343 11.94183 10.95443 3.979325 3.384957 5.058992 6.426851 2.353231 3.997689 6.945576 5.354623 4.745149 4.064368 2.740896 2.943198 5.059619 6.871469 7.512326 13.92377 12.02483 40.96078 31.43203 10.66584 12.27516 7.124452 5.180638
71.13828 72.77602 110.9397 113.6449 70.8913 60.80695 126.4485 116.3584 58.93157 85.41959 68.20274 41.84202 184.8659 291.3292 268.8535 458.4689 883.9206 1140.506 1003.03 662.3296 316.3126 253.5491 264.797 79.46951 47.52577 39.7682 16.26893 11.09853 5.166039 25.40277 34.94091 29.54323 5.837916 9.015806 11.02323 11.7254 16.12153 16.38227 28.1379 104.9094 76.69349 24.58879 18.75455 51.91387 37.80067 10.61042 11.7423 9.918501 10.82419 22.67663 3.898357 3.532035 4.970551 6.206167 3.095586 4.968682 10.52133 12.83043 5.151895 2.571135 20.23543 17.87982 7.399845 5.153636 9.593096 13.62137 14.08553 7.531917 3.844658 6.1002 10.51487 17.20876 17.45128 11.47119 8.61657 20.81158 26.02127 21.07717 14.23362 15.79655 19.2658
35.68549 121.6652 144.8754 145.0939 45.19833 45.2372 145.5228 169.8217 60.32436 117.0271 202.4917 66.74006 70.67715 142.2663 370.5865 830.0861 1257.447 1287.078 958.1273 408.7536 224.7762 264.5195 408.8943 64.2081 73.32359 42.04923 31.55073 26.79313 29.9039 38.34838 32.7636 27.3142 17.69437 11.78782 13.3727 12.95267 16.6871 22.06895 51.14545 82.02961 96.7469 42.44243 112.4011 106.4157 21.88552 8.272378 6.837969 11.28431 12.75279 11.05975 9.282248 2.405053 3.622383 8.990196 7.052086 5.606231 8.05974 16.08022 6.044279 2.269916 13.90318 13.575 8.125819 8.450102 9.052722 11.87328 35.12579 31.68401 20.62752 29.05816 24.1407 15.65974 15.65782 12.78592 8.24075 11.02548 18.32595 18.36381 10.85806 22.53893 24.48916
68.98029 106.9005 130.2046 633.2094 501.4277 629.5217 747.0769 411.8952 161.1907 115.0063 148.2727 140.2329 118.8912 135.1685 147.8252 195.7432 496.679 583.8336 782.2599 356.128 316.0479 375.2306 432.1772 127.8967 124.9153 43.98451 62.80408 41.17463 76.25416 198.9456 184.4434 142.8847 22.64444 16.88748 15.49719 21.23812 36.93142 38.76993 32.64879 103.2183 143.1396 156.3074 134.2338 115.0622 22.87982 11.23024 11.2064 13.7576 12.62308 6.463136 6.584473 1.519561 0.552042 1.249717 2.080822 3.407688 12.34053 14.68394 7.606718 2.504387 2.097821 2.276262 2.103287 2.556781 2.147151 5.014007 5.264625 12.14487 19.58505 11.8806 13.52324 23.71446 19.66163 17.61472 21.10666 13.92567 23.53236 15.90917 31.76558 54.84188 49.83383
90.53499 100.2442 283.3505 605.5629 866.1807 867.7401 867.0593 474.654 303.4297 231.2423 181.1098 174.9725 110.0053 134.2474 174.8582 172.7168 305.5605 305.8105 213.1816 246.5933 338.7604 565.5334 545.6498 257.47 179.7099 45.59454 46.28596 43.49244 58.27722 134.5373 149.5253 40.62207 20.29347 15.69859 27.81984 37.34355 22.39935 20.57652 99.77269 333.8317 297.5976 144.3714 21.19741 19.90257 19.90052 18.57287 30.69841 25.94789 24.29156 13.94255 7.936254 6.995397 3.909617 1.670904 3.242052 14.16353 14.91953 14.91935 5.744015 3.560309 2.766986 5.584547 7.034396 6.370527 3.025474 4.031206 5.742618 9.996704 6.924984 19.43124 14.35482 16.58778 99.58678 155.8868 205.4215 148.5927 127.2753 105.5269 81.07935 57.1481 67.92854
117.7164 150.1281 277.4712 255.5046 635.9021 856.52 646.3814 465.491 233.7049 232.7152 172.117 164.7534 185.1034 221.5501 141.3539 132.6283 133.9229 138.1632 150.3728 195.401 183.8628 185.7248 338.0705 152.9056 121.8787 54.08886 28.57302 33.99638 27.58444 19.6509 22.57615 35.74561 35.77803 61.92313 31.53667 19.90228 34.9754 72.67118 135.1641 272.74 309.3556 50.91473 23.53278 20.51638 20.68671 15.67058 31.64964 36.46312 39.11069 9.850787 7.814611 7.017647 5.236448 4.085218 4.202659 10.99717 13.87114 10.88532 8.689969 6.672752 7.742244 12.65664 15.81762 11.67081 7.401577 8.349668 11.0225 11.63118 10.81058 10.0683 11.69952 25.19672 103.7027 369.3626 234.8447 238.7834 316.3587 274.6705 74.48466 96.45881 671.9009
193.3715 201.759 260.9652 333.5587 259.1765 723.7573 637.7585 276.6726 175.3282 142.1828 161.1344 163.7447 190.036 211.9922 99.67002 98.79166 92.49068 114.5737 115.5366 77.94556 76.65508 89.95991 129.3452 129.925 84.87745 83.36482 71.54886 94.64309 153.5868 64.78761 64.76195 64.10629 55.62251 110.3828 67.49895 46.93307 42.67312 41.85918 71.22395 134.0497 91.65402 32.52855 32.19414 23.71747 18.87199 12.3744 12.09849 11.27803 10.14804 12.42314 6.098428 3.003253 4.615243 5.223806 3.455204 3.576842 2.000872 3.157419 11.92397 12.60342 14.6916 19.58415 19.70472 17.45986 7.843839 8.52081 9.583231 9.726678 10.7092 10.42174 102.077 346.0694 397.2494 902.0998 593.3563 374.0229 456.4695 360.0872 197.5589 801.0787 1281.27
354.3326 307.1854 418.7757 239.9274 180.0229 161.3845 179.7676 94.82633 108.6933 106.3092 126.0871 119.8099 81.34647 137.0341 92.0277 78.46789 46.55965 70.73709 91.76611 75.74284 91.7721 108.0527 152.9717 188.8489 187.1381 175.6973 181.7269 174.7094 200.6763 169.26 197.663 180.071 160.8417 165.6714 116.3995 81.83643 34.10087 24.54857 24.24566 63.43242 92.70266 42.34639 24.77752 17.03993 12.24546 15.28764 11.49137 11.814 8.807664 6.462506 6.236372 2.092843 2.151525 2.824153 3.07013 3.623238 4.210643 4.986032 7.055831 8.604977 10.60708 13.79096 17.15319 18.51603 33.7563 49.34117 24.10865 22.57142 44.11119 105.5953 268.326 503.4456 536.2431 3177.063 4371.025 3760.965 2018.185 502.414 1006.35 4431.134 1087.805
1087.026 178.5774 119.9176 91.97209 114.7912 109.8674 84.94743 78.73598 71.276 63.6199 65.32097 70.33825 61.57352 64.69376 65.27148 79.8854 64.82154 69.90532 77.8605 74.83312 80.75355 106.9653 229.3012 314.8148 124.6728 123.2254 143.0138 153.9781 133.4391 100.072 129.0846 232.1026 341.7301 364.224 296.6129 167.2497 40.63744 37.82581 24.27944 27.91909 56.13194 32.71185 20.128 19.94177 17.70315 17.61623 35.91777 23.62235 24.43909 17.3117 4.834572 1.776525 2.417175 4.855549 5.748543 7.020133 5.751368 7.213173 22.06223 25.95502 19.97564 16.80455 16.80455 76.04955 98.52724 90.39395 296.3496 743.8211 320.0881 381.0015 313.9993 679.2358 1756.186 3807.454 4578.493 4578.493 2278.149 879.549 0 0 0
521.5345 136.5041 122.9453 93.11799 98.13017 97.34509 78.76038 71.05942 61.36985 61.36985 61.36985 61.36985 61.36985 61.36985 61.3659 53.75025 50.15509 50.15509 50.15509 56.16041 396.1375 384.0578 556.5005 599.596 480.2234 191.6162 117.0996 145.5483 133.4404 103.994 112.566 123.2384 113.903 130.747 203.1969 149.5216 46.92923 48.76146 50.0807 54.75957 38.77399 25.4073 17.41878 16.08331 15.67425 14.09984 11.18019 32.21781 34.43695 22.32856 28.8409 14.69462 3.739298 10.40747 10.87227 14.43196 19.56221 36.39354 38.27059 31.73697 36.57112 139.7355 125.4716 168.5712 159.701 410.7585 895.2021 1071.379 665.1289 470.5706 577.098 782.9492 1910.39 3649.494 4578.493 0 0 0 0 0 0
151.0374 59.93242 54.97303 85.56667 90.44385 85.79165 78.76037 73.56573 64.1439 61.36985 61.36985 61.36985 61.36985 61.36985 61.36876 52.50281 50.15509 50.15509 175.899 348.6199 577.0171 509.2345 159.5914 330.1268 238.3205 197.9117 63.37719 173.3298 191.9529 463.5193 789.2606 738.862 389.0844 190.2371 143.6741 101.6125 46.5707 54.69669 61.03884 55.00168 13.13029 6.841701 12.58401 22.91676 25.5357 30.70496 19.32538 11.3652 15.02406 38.50374 48.09482 31.08711 16.55406 11.8618 10.49283 15.38096 43.86988 33.62485 34.72851 31.10983 59.96043 190.2159 145.8518 196.9106 171.6054 196.798 468.0352 842.5049 872.0323 890.921 1582.023 2335.811 2106.152 0 0 0 0 0 0 0 0
134.2433 142.3748 69.82073 40.82914 68.59737 81.60764 47.69817 13.30103 43.66098 46.94032 61.36985 51.88939 61.32199 61.36985 61.36985 59.86943 52.17492 50.15509 316.3075 414.598 441.6027 794.0574 380.0092 208.9265 107.8706 282.785 300.8042 283.8037 261.6368 308.9396 783.1691 813.6902 624.4085 96.59109 30.63238 15.06813 23.67077 41.77137 72.87039 39.60042 4.630198 10.1026 11.09247 54.18042 76.90781 53.82091 20.50724 21.35588 28.29817 49.81362 92.7523 67.84834 50.58185 102.5752 178.2831 481.0394 381.8581 131.2493 32.56311 32.0442 98.94081 95.25574 114.1332 171.6379 93.60968 30.05439 330.1125 960.1891 3006.9 3648.413 2278.784 2783.832 2798.229 0 0 0 0 0 0 0 0
121.035 134.1228 106.652 34.14147 22.36159 13.15996 11.18448 11.18448 11.18448 11.18448 11.18448 11.18448 49.63818 61.36985 61.36985 61.36985 60.62628 53.44463 152.5093 381.2667 414.598 420.1978 437.6165 326.5641 304.4619 410.5637 461.8765 345.1107 476.3644 709.5029 813.6902 813.6902 527.5776 198.1519 48.2904 33.10275 52.03022 42.98091 125.9792 105.6655 18.70643 91.28985 103.8853 43.63725 39.73859 35.96095 19.86452 44.15506 57.31885 52.36715 46.10832 47.58413 84.73555 126.7447 226.5496 678.9019 575.9511 360.7759 95.84509 120.2859 97.42885 113.644 221.1937 311.0581 313.245 366.1965 566.2791 493.0134 3043.572 3043.572 3043.572 2798.229 0 0 0 0 0 0 0 0 0
121.035 121.2717 78.5449 11.18448 11.18448 11.18448 11.18448 11.18448 11.18448 11.18448 11.18448 13.46703 53.83182 61.36985 61.44345 75.37246 75.05511 109.9473 212.9006 233.0925 350.6793 176.6132 234.5057 365.7263 367.4229 385.5362 787.6851 917.7419 724.5212 503.3911 752.3555 768.3909 563.2109 302.8856 297.5736 263.872 206.0553 130.4132 149.4735 113.5019 73.04671 228.6803 257.8494 75.44561 44.79684 19.69596 32.45515 60.82836 83.84978 77.76257 59.69994 54.59263 123.721 143.0355 145.5997 168.954 199.8493 153.0196 124.705 124.1224 126.6125 277.267 541.7299 541.4563 467.1621 408.6482 396.62 210.8962 0 0 0 0 0 0 0 0 0 0 0 0 0
0 0 0 11.18448 11.18448 11.18448 11.18448 11.18448 11.18448 11.18448 11.18448 19.27414 61.36985 61.36985 69.59661 98.49673 111.8868 209.3613 216.1556 216.1556 684.4886 562.9957 530.3962 0 0 896.6292 1195.978 1052.317 526.006 245.9464 501.0945 444.5332 628.6973 526.0547 398.8417 182.9403 151.7666 174.4203 171.324 138.66 240.7358 290.207 183.6173 68.02936 84.07376 129.7583 136.8088 131.8359 60.40048 48.58813 33.98195 54.64921 75.28989 87.45742 149.8898 157.5206 119.8456 120.4943 131.9437 118.0973 123.3557 287.0504 532.6176 471.3958 408.6482 408.6482 408.6482 408.6482 0 0 0 0 0 0 0 0 0 0 0 0 0
0 0 0 0 0 0 0 0 0 0 61.36985 56.78567 61.36985 61.36985 61.43124 75.72615 99.03628 162.2187 162.4059 98.49673 1101.019 635.7445 525.313 365.8021 278.1329 839.0168 1152.139 899.6248 898.9662 996.9937 537.7029 983.5284 489.1805 528.215 504.2004 488.7296 352.3657 265.9227 207.9384 112.1303 115.8834 115.5027 73.45348 73.42268 87.80876 127.881 195.0744 165.8973 171.4943 62.53296 52.79179 118.6346 152.7713 56.73514 114.2605 156.9787 148.8282 145.6595 163.6484 178.5746 134.6451 138.627 539.7759 408.6482 408.6482 408.6482 0 0 0 0 0 0 0 0 0 0 0 0 0 0 0
0 0 0 0 0 0 0 0 0 0 61.36985 61.36985 61.36985 61.36985 61.36985 61.36985 62.99501 70.29186 90.05195 0 0 617.3588 617.3588 716.9424 659.9933 387.2986 294.9511 770.5072 3038.868 3241.893 3137.776 3136.063 813.415 492.9927 462.5044 443.6208 377.6431 304.0557 186.0682 88.81496 71.92635 34.81389 16.57147 19.3119 72.99465 260.4225 327.4628 158.2867 98.49784 74.94288 70.22886 96.5941 136.4222 108.0244 58.46891 80.71616 28.46336 63.49223 103.6454 180.1965 178.2248 120.469 158.5204 0 0 0 0 0 0 0 0 0 0 0 0 0 0 0 0 0 0
0 0 0 0 0 0 0 0 0 0 0 0 0 0 0 0 61.36985 61.36985 0 0 0 617.3588 617.3588 907.6063 786.9967 494.2636 339.2137 0 0 3253.715 3253.715 3251.775 2253.025 1805.838 816.9653 553.7365 239.5155 184.9421 93.6728 21.0333 30.1665 28.25017 24.99232 45.28813 73.76631 195.9328 312.8164 272.8955 114.7278 102.0973 91.22511 82.72528 71.58485 32.2075 43.02435 33.6079 24.76231 63.96378 106.2365 164.941 187.1944 187.1944 0 0 0 0 0 0 0 0 0 0 0 0 0 0 0 0 0 0 0
0 0 0 0 0 0 0 0 0 0 0 0 0 0 0 0 0 0 0 0 0 0 0 0 0 0 0 3253.715 3253.715 3253.715 3253.715 3253.715 3253.715 1733.476 1070.65 453.1386 188.359 174.23 161.651 76.16874 35.25923 31.88812 31.88812 41.98086 58.28065 124.2498 199.8712 145.7183 101.2298 103.6332 102.8478 64.87127 41.96804 19.66937 25.38047 35.9474 174.8165 196.5571 148.4011 123.1881 352.137 423.8129 0 0 0 0 0 0 0 0 0 0 0 0 0 0 0 0 0 0 0
0 0 0 0 0 0 0 0 0 0 0 0 0 0 0 0 0 0 0 0 0 0 0 0 0 0 0 0 3253.715 3253.715 3253.715 3253.715 3253.715 1461.655 320.1017 318.122 215.0509 205.8897 158.1091 122.2679 209.8813 115.6681 37.03761 113.5384 186.6719 216.1143 246.7939 258.3608 141.2699 82.19363 72.43207 16.75118 16.75118 23.1183 42.99193 37.27421 48.00126 292.9041 179.9525 97.31058 70.51781 150.5032 0 0 0 0 0 0 0 0 0 0 0 0 0 0 0 0 0 0 0
0 0 0 0 0 0 0 0 0 0 0 0 0 0 0 0 0 0 0 0 0 0 0 0 0 0 3253.715 0 0 3253.715 3253.715 3253.715 3253.715 2384.65 772.1918 1020.126 926.2104 552.5258 376.5534 148.8107 222.381 105.6836 158.417 194.9034 247.7865 314.0006 648.4056 549.9719 399.7613 220.4465 151.4657 132.783 103.301 90.63975 105.6884 150.8478 41.59292 387.6234 180.3396 115.5571 77.29291 70.51781 0 0 0 0 0 0 0 0 0 0 0 0 0 0 0 0 0 0 0
0 0 0 0 0 0 0 0 0 0 0 0 0 0 0 0 0 0 0 0 0 0 0 0 0 0 0 0 0 0 0 0 0 0 0 1020.166 0 615.8915 750.6829 894.9254 829.7939 600.9 2677.583 3076.428 2130.682 1536.247 696.0782 531.946 427.2693 370.061 152.9943 142.9622 93.96809 119.7631 193.398 177.6507 151.0931 458.765 0 128.9798 128.9798 0 0 0 0 0 0 0 0 0 0 0 0 0 0 0 0 0 0 0 0
0 0 0 0 0 0 0 0 0 0 0 0 0 0 0 0 0 0 0 0 0 0 0 0 0 0 0 0 0 0 0 0 0 0 0 0 0 0 0 1089.477 1374.797 1932.339 2578.035 3260.729 2708.579 1510.253 842.5596 514.7726 426.1015 425.978 293.6405 117.1513 93.95476 93.95476 0 0 0 0 0 0 0 0 0 0 0 0 0 0 0 0 0 0 0 0 0 0 0 0 0 0 0
0 0 0 0 0 0 0 0 0 0 0 0 0 0 0 0 0 0 0 0 0 0 0 0 0 0 0 0 0 0 0 0 0 0 0 0 0 0 0 1483.58 1483.58 2110.885 1882.198 984.3347 0 1127.979 760.7921 426.1632 426.1015 0 0 0 0 0 0 0 426.1015 426.1015 0 0 0 0 0 0 0 0 0 0 0 0 0 0 0 0 0 0 0 0 0 0 0
0 0 0 0 0 0 0 0 0 0 0 0 0 0 0 0 0 0 0 0 0 0 0 0 0 0 0 0 0 0 0 0 0 0 0 0 0 0 0 0 0 0 0 0 0 0 0 426.1015 426.1015 426.1015 426.1015 426.1015 0 426.1015 426.1015 426.1015 426.1015 0 0 0 0 0 0 0 0 0 0 0 0 0 0 0 0 0 0 0 0 0 0 0 0
