src/main/resources/niemcy.asc
ncols         264
nrows         240
xllcorner     5
yllcorner     46
cellsize      0.0416666666667
NODATA_value  0
[rows 155 to 185 of 240, columns 140 to 209 of 264]
366.6638 418.6211 1257.458 1813.074 2232.717 1313.125 672.0378 241.7682 223.4545 207.8858 207.8858 207.8858 207.8858 207.8858 207.8858 207.8858 202.7451 100.3636 87.91161 87.91161 87.91161 87.91161 87.91161 87.91161 87.91161 87.91161 87.91161 87.91161 87.91161 89.11916 99.3345 99.91637 99.91637 99.91637 98.3455 82.4442 79.36089 88.04034 89.92857 99.54168 97.85041 99.87051 99.61481 99.91637 0 0 0 0 0 0 0 0 0 0 0 0 0 0 0 0 0 0 0 0 0 0 0 0 0 0
374.4478 773.2582 1748.548 1803.537 2239.708 2583.069 2557.525 1571.227 480.5296 207.8858 207.8858 207.8858 207.8858 207.8858 207.8858 207.8858 207.8858 194.304 102.834 87.9116 87.9116 87.9116 131.0413 280.6147 550.8805 310.0911 87.9116 87.9116 89.1153 97.1878 98.93894 99.91637 99.91637 99.91637 99.91637 99.91637 99.91637 99.91637 99.91637 99.91637 99.91637 98.39633 93.41735 91.37477 0 0 0 0 0 0 0 0 0 0 0 0 0 0 0 0 0 0 0 0 0 0 0 0 0 0
374.4478 374.4478 375.3639 786.4429 2483.461 2583.069 2583.069 1336.63 576.9395 228.7586 383.9174 207.8858 207.8858 207.8858 200.2916 190.5911 207.0288 157.2018 87.9116 87.9116 87.9116 87.9116 224.8757 763.4944 762.5693 485.5639 87.9116 89.97797 93.0868 99.91637 99.91637 99.91637 99.91637 99.91637 99.91637 99.91637 99.91637 99.91637 99.91637 99.91637 99.01269 86.53275 85.84509 85.84509 85.84509 85.84509 0 0 0 0 0 0 0 0 0 0 0 0 0 0 0 0 0 0 0 0 0 0 0 0
374.4478 374.4478 364.8624 387.7411 1828.892 2583.069 2209.358 1729.795 673.9658 207.8858 225.6212 207.8858 207.8858 207.8436 149.2447 102.2828 110.8619 104.876 93.48593 88.81071 87.91161 87.91161 87.91161 95.96368 95.32396 87.91161 87.91161 88.32143 94.05025 98.24287 99.91637 99.91637 99.91637 99.91637 99.91637 99.91637 99.91637 99.91637 99.91637 98.26961 88.67046 86.08339 85.84508 85.84508 85.84508 85.84508 85.84509 0 0 0 0 0 0 0 0 0 0 0 0 0 0 0 0 0 0 0 0 0 0 0
196.0112 243.3608 185.8952 445.2791 1061.576 2260.732 1289.49 145.6156 150.7855 189.2135 207.8858 207.8858 207.031 138.6019 101.6707 101.6707 101.6707 101.6707 101.6601 91.06672 87.93623 88.63011 87.91161 87.91161 87.91161 87.91161 87.91161 88.08843 92.89658 97.02952 99.91637 99.91637 99.91637 99.91637 99.91637 99.91637 99.91637 99.91637 99.91637 94.69196 85.84702 85.84509 85.84509 85.84509 85.84509 85.84509 85.84508 85.84508 85.84509 85.84509 85.84509 85.84508 0 0 0 0 0 0 0 0 0 0 0 0 0 0 0 0 0 0
97.44495 131.1806 145.6156 237.3307 758.9969 451.6472 154.7477 145.6156 138.6764 123.2343 136.5133 164.37 142.1008 105.3905 101.6707 101.6707 101.6707 101.6707 101.6707 101.204 97.16944 99.98816 93.2683 88.16161 87.9116 87.9116 87.9116 93.60311 99.91637 99.91637 99.91637 99.91637 99.91637 99.91637 99.91637 99.91637 99.91637 99.91637 99.91637 96.08761 86.37153 85.84508 85.84508 85.84508 85.84508 85.84508 85.84508 85.84508 85.84509 85.84509 85.84508 85.84508 85.84508 0 0 0 0 0 0 0 0 0 0 0 0 0 0 0 0 0
94.44688 110.996 145.6156 145.6156 145.6156 145.6156 145.6156 145.6156 144.6897 128.8224 120.3411 101.7382 101.6707 101.6707 101.6707 101.6707 101.6707 101.6707 101.6707 101.6707 101.6707 101.6707 101.6707 100.8818 99.08805 95.4503 90.02379 96.89877 99.91637 99.91637 99.91637 99.91637 99.91637 99.91637 99.91637 99.91637 99.91637 99.28888 92.78172 89.76662 85.84508 85.84508 85.84508 85.84508 85.84508 85.84508 85.84508 85.84508 85.84508 85.84508 85.84508 85.84508 85.84508 85.84509 0 0 0 0 0 0 0 0 0 0 0 0 0 0 0 0
102.1361 131.4992 145.6156 145.6156 145.6156 145.6156 145.6156 145.6156 145.6156 145.6156 143.6802 113.4865 101.6707 101.6707 101.6707 101.6707 101.6707 101.6707 101.6707 101.6707 101.6707 101.6707 101.6707 101.6707 101.6707 101.6707 96.6679 99.6026 99.91637 99.91637 99.91637 100.69 105.4267 99.91637 99.91637 99.91637 99.86108 93.59872 85.84509 85.84509 85.84509 85.84509 85.84509 85.84509 85.84509 85.84509 85.84509 85.84509 85.84509 85.84509 85.84509 85.84509 85.84509 85.84509 85.84508 0 0 0 0 0 0 0 0 0 0 0 0 0 0 0
118.9948 145.6156 145.6156 145.6156 145.6156 145.6156 145.6156 145.6156 145.6156 145.6156 131.5876 110.4971 101.6707 101.6707 101.6707 101.6707 101.6707 101.6707 101.6707 101.6707 101.6707 101.6707 101.6707 103.9348 102.6442 109.3476 123.2066 117.0032 102.7914 101.1614 100.2325 120.5796 129.6787 106.2244 99.91637 98.52677 88.15814 86.50229 85.84508 85.84508 85.84508 85.84508 85.84508 85.84508 85.84508 85.84508 85.84508 85.84508 85.84508 85.84508 85.84508 85.84508 85.84508 85.84508 85.84508 85.8446 82.88549 0 0 0 0 0 0 0 0 0 0 0 0 0
100.2794 119.0595 126.9726 112.714 128.3565 143.5233 145.6156 145.6156 145.6156 145.6156 145.6156 132.4726 101.6707 101.6707 101.6707 101.6707 101.6707 101.6707 101.6707 101.6707 101.6707 101.6707 110.6244 138.3937 133.742 141.3623 141.3623 141.3315 135.5371 133.3116 128.0863 141.3623 141.3623 135.6361 133.2551 111.9825 85.84508 85.84508 85.84508 85.84508 85.84508 85.84508 85.84508 85.84508 85.84508 85.84508 85.57054 85.6392 85.07115 85.11789 83.82366 82.21265 82.35951 84.0451 85.84508 84.59561 81.44604 0 0 0 0 0 0 0 0 0 0 0 0 0
96.16059 96.16059 96.16059 96.16059 96.16059 98.57316 130.3108 144.2284 145.6131 145.6156 145.6156 143.65 125.879 102.585 101.6707 101.6707 101.6707 101.6707 101.6707 101.6707 104.5179 118.1743 140.9655 141.3623 141.3623 141.3623 141.3623 141.3623 141.3623 141.3623 141.3623 141.3623 141.3623 141.3623 141.3623 130.8483 97.22346 106.3672 89.20908 85.84509 85.84509 85.94623 86.12692 86.2223 86.20721 86.38263 84.81074 81.52072 81.44604 81.44604 81.44604 81.44604 81.44604 81.45172 82.31321 81.73753 81.44605 81.44605 81.44605 81.44605 81.44605 0 0 0 0 0 0 0 0 0
96.16059 96.16059 96.16059 96.16059 96.16059 96.16059 96.16059 97.1059 127.4393 139.2799 145.2492 145.6156 145.6156 130.9998 109.2901 107.8054 108.1259 101.7151 101.6707 101.6707 127.2807 141.3623 141.3623 141.3623 141.3623 141.3623 141.3623 141.3623 141.3623 198.796 686.8671 609.3161 141.3623 141.3623 141.3623 141.3623 141.3623 139.9848 101.8259 86.88969 86.21899 86.57444 86.57816 86.57816 86.57816 86.57816 86.54753 82.53563 81.44604 81.44604 81.44604 81.44604 81.44604 81.44604 81.44604 81.44604 81.44604 81.44604 81.44604 81.44604 81.44605 81.44605 0 0 0 0 0 0 0 0
96.16058 96.16058 96.16058 96.16058 96.16058 96.16058 96.16058 97.00394 107.257 112.073 131.8142 142.4114 133.5195 120.8203 112.073 112.073 110.0171 101.882 102.4039 107.0137 130.9546 137.9025 141.3361 130.8675 128.7798 137.7846 141.3623 141.3623 349.6859 1373.282 1524.861 1491.828 356.6186 141.3623 141.3623 141.3623 141.3623 141.3623 141.361 119.7926 86.57816 86.57816 86.57816 86.57816 86.57816 86.57816 86.57816 85.60445 81.98526 81.44605 81.44605 81.44605 81.44605 81.44605 81.44605 81.44605 81.44605 81.44605 81.44605 81.44605 81.44605 81.44604 0 0 0 0 0 0 0 0
96.16058 96.16058 96.16058 96.16058 96.16058 96.18585 98.6215 104.809 112.073 112.073 112.073 112.3055 112.073 112.073 112.073 112.073 112.073 109.6353 106.3326 115.0821 115.0821 116.6365 121.4499 115.0821 115.0821 119.4589 139.0822 139.3104 140.8987 526.2368 1100.156 1064.179 543.642 141.3623 141.3623 141.3623 141.3623 141.3623 131.7567 105.635 86.57816 86.57816 86.57816 86.57816 86.57816 86.57816 86.57816 86.57816 86.26261 81.85525 81.44604 81.44604 81.44604 81.44604 81.44604 81.44604 81.44604 81.44604 81.44604 81.44604 81.38679 81.27286 81.16198 81.16193 81.16193 81.16193 81.16193 0 0 0
96.16059 96.16059 96.16059 96.16059 96.16059 103.047 112.073 112.073 112.073 112.073 112.073 112.073 112.073 112.073 112.073 112.073 112.073 112.073 112.4893 113.7856 114.4805 114.8768 115.0821 115.0821 115.0821 115.0823 119.905 116.751 117.953 125.9253 140.9282 141.3623 141.3623 141.3623 141.3623 141.3623 141.3623 141.3623 125.0788 86.57816 104.0768 113.7423 86.57816 86.57816 86.57816 86.57816 86.57816 86.57816 95.43435 122.2987 107.856 126.2177 104.5914 81.44605 81.44605 81.44605 81.44605 81.44605 81.4099 81.21178 81.17092 81.16193 81.16193 81.16193 81.16193 81.16193 81.16193 81.16193 0 0
98.44373 96.71278 96.16583 97.8491 101.8908 110.0641 112.073 112.073 112.073 112.073 112.073 112.073 112.073 112.073 112.073 112.073 112.073 112.073 112.073 112.073 112.073 113.6991 115.0821 115.0821 115.0821 115.0821 115.0821 115.0821 115.0821 115.4883 125.6601 140.3034 141.3623 141.3623 141.3623 141.3623 141.3623 141.3623 105.891 86.57816 334.4259 620.2681 433.5819 438.4955 87.05494 86.57816 86.57816 86.57816 113.8199 138.9798 139.0455 139.0455 131.416 96.2934 91.45359 87.18539 81.44605 81.44605 81.38933 81.16193 81.16193 81.16193 81.16193 81.16193 81.16193 81.16193 81.16193 81.16193 81.16193 81.16193
102.6206 102.6206 101.3329 107.8618 112.073 112.073 112.073 112.073 112.073 112.073 112.073 112.073 112.073 112.073 112.073 112.073 112.073 112.073 112.073 112.073 112.1743 114.1625 115.0821 115.0821 115.0821 115.0821 115.0821 115.0821 115.0821 115.0821 124.8448 140.298 141.3623 140.4367 124.975 111.299 116.5063 106.1423 86.60912 169.7421 424.3859 429.3399 310.4944 163.2905 86.57816 86.57816 86.94573 86.57816 124.6657 139.0455 139.0455 139.0455 139.0455 139.0455 139.0455 137.6497 122.7697 81.26617 81.16728 81.16193 81.16193 81.16193 81.16193 81.16193 81.16193 81.16193 81.16193 81.16193 81.16193 81.16193
102.6206 102.6206 103.4132 114.0528 124.5805 115.4114 118.8903 115.6716 112.655 112.073 112.073 112.073 112.073 476.0813 364.3815 123.1294 112.073 112.073 128.8763 124.8209 112.2175 114.021 115.0821 115.0821 115.0821 115.0821 115.0821 115.0821 115.0821 115.0821 127.7665 141.3623 132.0632 105.0657 86.60282 86.57816 86.57816 86.57816 86.57816 86.57816 86.57816 86.57816 86.57816 86.57816 86.57816 87.23624 123.7948 127.437 138.1649 139.0455 139.0455 139.0455 139.0455 139.0455 139.0455 139.0455 129.2511 104.9294 81.16193 81.16193 81.16193 81.16193 81.16193 81.16193 81.16193 81.16193 81.16193 81.16193 81.16193 81.16193
102.6206 102.6206 102.6206 112.5019 129.8576 129.6972 129.8576 129.8566 129.0401 122.9726 478.5521 776.5507 737.3518 866.2639 940.1834 847.1605 125.258 129.5226 164.363 161.7226 145.9757 117.6498 115.0821 115.0821 115.0821 115.0821 115.0821 115.1433 115.7878 115.7332 127.4031 109.5728 87.21337 86.57816 86.57816 86.57816 86.57816 89.61331 92.26463 92.19859 90.07104 86.57816 86.57816 87.42374 91.41997 106.0808 124.4158 139.0455 139.0455 139.0455 139.0455 139.0455 139.0455 139.0455 139.0455 139.0455 139.0455 122.1417 82.55054 81.16193 84.69235 88.53505 82.72534 81.16193 81.16193 81.16193 81.16193 81.16193 81.16193 81.16193
102.6206 102.6206 102.6206 109.208 129.6971 129.8576 129.8576 129.8576 129.8576 129.8576 129.8576 408.6867 701.8445 940.1833 785.9022 463.9938 146.4834 162.9264 164.766 157.3726 115.6406 115.0821 115.0821 115.0821 115.0821 115.1346 116.8244 119.8991 121.7946 121.7892 121.7939 121.7946 119.5614 105.1851 107.2049 105.5587 100.819 109.5753 111.3351 111.7119 107.9697 98.2756 99.87489 108.1858 111.7119 111.7119 113.006 132.7413 139.0455 139.0455 139.0455 139.0455 139.0455 139.0455 139.0455 139.0455 139.0455 137.8512 115.2172 112.4509 119.0638 124.7096 107.9213 93.15945 96.09673 81.84454 81.16193 81.16193 81.16193 87.25011
102.6206 102.6206 102.6206 107.6034 129.5759 129.8576 129.8576 129.8576 129.8576 129.8576 129.8576 129.8576 165.1889 483.3047 229.952 164.766 164.766 164.766 164.766 161.1147 130.9584 115.0821 115.0821 115.0821 115.0821 118.3938 121.7946 121.7946 121.7946 121.7946 121.7946 121.7946 121.7946 121.7946 121.7946 121.7946 117.3884 112.7414 111.7119 111.7119 111.7119 111.7119 111.7119 111.7119 111.7119 111.7119 111.7119 118.5031 134.9203 139.0455 139.0455 139.0455 139.0455 139.0455 135.6396 128.2859 127.5709 124.8679 124.7096 124.7096 124.7096 124.7096 124.7096 124.7096 124.7096 114.3453 100.015 102.7774 104.5282 114.9936
132.7441 111.3666 102.6206 102.6206 112.1221 129.8573 129.8576 129.8576 129.8576 129.8576 129.8576 129.8576 129.8635 140.0808 154.441 164.766 164.766 164.766 164.766 164.766 155.3794 116.2053 115.0821 115.0821 115.0821 120.0307 121.7946 121.7946 121.7946 121.7946 121.7946 121.7946 121.7946 121.7946 121.7946 121.7946 121.0745 113.8486 111.7119 111.7119 111.7119 111.7119 111.7119 111.7119 111.7119 111.7119 111.7119 111.7119 112.3356 116.138 125.0107 139.0455 138.9648 138.9919 130.524 124.7096 124.7096 124.7096 124.7096 124.7096 124.7096 124.7096 124.7096 124.7096 124.7096 124.7096 124.7096 124.7096 124.7096 124.7096
237.7305 154.8292 124.5855 133.7218 157.1298 149.9482 150.4841 137.3262 129.8576 129.8576 129.8576 129.8576 140.7088 163.9812 164.766 164.766 164.766 164.766 164.766 164.766 168.8271 184.9832 170.6331 173.1724 128.515 120.5477 121.7946 121.7946 121.7946 121.7946 121.7946 121.7946 121.7946 184.6905 265.1862 121.7946 118.2795 111.7119 111.7119 111.7119 111.7119 111.7119 111.7119 111.7119 111.7119 111.7119 109.1646 105.2534 104.2152 103.0384 101.8335 116.1019 128.9957 125.1302 125.1275 124.7096 124.7096 124.7096 124.7096 260.0713 425.6368 474.685 436.7338 369.893 203.3385 124.7096 124.7096 124.7096 124.7096 124.7096
237.7305 237.7305 226.2035 192.875 172.5819 172.5819 172.5819 157.0759 129.8878 129.8576 129.8576 129.8576 147.6424 163.6117 164.766 164.766 164.766 164.766 164.766 170.6342 219.0308 229.0785 229.0785 229.0785 227.047 228.0276 212.3607 135.4372 121.7946 121.7946 215.3722 525.0494 496.703 686.7321 197.4309 121.7946 119.5356 114.4617 114.7053 115.8278 111.9983 111.7119 111.7119 111.7119 111.7119 111.0152 101.9993 95.00642 95.00642 95.00642 95.00642 95.42632 113.3982 117.106 122.9117 124.7096 124.7096 124.7096 124.7096 124.7096 299.8729 594.847 627.0292 687.291 504.7605 124.7096 124.7096 124.7096 124.7096 124.7096
227.9003 181.9006 178.441 172.5819 172.5819 172.5819 172.5819 172.5819 165.0333 131.3871 129.8576 137.2491 161.0773 164.766 164.766 164.766 164.766 164.766 164.766 174.4198 229.0785 229.0785 229.0785 229.0785 229.0785 229.0785 228.9952 145.0841 235.4208 480.4878 575.0945 643.6251 433.5945 210.4449 121.7946 121.7946 121.7946 121.522 121.7946 120.6985 112.4546 106.52 104.4335 111.215 106.9181 96.93206 95.59808 95.00642 95.00642 95.00642 95.00642 95.15247 97.75777 95.00642 115.9092 124.7096 124.7096 124.7096 124.7096 124.7096 124.7096 125.9126 124.7096 0 0 0 0 124.7096 124.7096 124.7096
235.932 179.981 172.5819 172.5819 172.5819 172.5819 172.5819 172.5819 172.5819 163.2701 142.7453 155.9847 164.766 164.766 164.766 164.766 169.0719 205.6849 183.4313 213.8405 229.0785 229.0785 229.0785 229.0785 229.0785 229.0785 229.0645 211.2411 129.828 121.7946 121.7946 121.7946 121.7946 121.7946 121.7946 121.7946 121.7946 121.7946 121.7946 109.125 98.86825 97.81146 95.14954 98.67242 95.00642 95.00642 95.00642 95.00642 95.00642 95.00642 95.00642 95.00642 95.00642 95.00642 107.1371 124.7096 124.7096 124.7096 124.7096 124.7096 124.7096 124.7096 124.7096 0 0 0 0 0 0 0
237.7305 967.3137 287.0434 172.5819 172.5819 172.5819 172.5819 172.5819 177.5517 202.1396 225.7845 232.7882 232.1677 183.0944 179.8228 210.9148 217.657 229.0785 229.0785 229.0785 229.0785 229.0785 229.0785 229.0785 229.0785 221.2512 192.8936 180.5115 148.4647 130.559 129.805 127.5884 121.7946 121.7946 121.7946 121.7946 121.7946 121.7946 121.8052 115.5227 101.0866 95.17744 95.00644 95.00644 95.00644 95.00644 95.00644 95.00644 95.00644 95.00644 95.00644 95.00644 95.00644 95.00644 96.49316 111.8828 123.7186 124.7096 124.7096 124.7096 124.7096 124.7096 124.7096 0 0 0 0 0 0 0
1055.929 1576.499 1237.567 172.5819 172.5819 172.5819 172.5819 172.5819 207.4274 252.7494 252.7494 252.7494 252.7494 248.431 249.2563 252.7494 236.2807 229.0785 229.0785 229.0785 229.0785 229.0785 229.0785 212.5817 177.0724 167.417 166.6771 166.6771 166.558 166.6771 166.6771 166.5454 136.4135 121.7946 121.7946 121.7946 121.7946 121.7946 131.9208 142.0775 140.4072 120.0608 98.48667 95.00642 95.00642 95.00642 95.00642 95.00642 95.00642 95.00642 95.00642 95.00642 95.00642 95.00642 105.1215 114.8271 123.932 124.7096 124.7096 124.7096 124.7096 124.7096 124.7096 0 0 0 0 0 0 0
1177.335 1671.354 1521.072 176.4436 172.5819 172.5819 172.5819 172.9886 245.2477 252.7494 252.7494 252.7494 252.7494 252.7494 252.7494 252.7494 242.8458 232.4745 229.0785 229.0785 229.0785 229.0785 213.5669 168.3717 166.6771 166.6771 166.6771 166.6771 166.6771 166.6771 166.6771 166.6771 162.0766 134.9452 121.7946 122.6674 124.1998 133.9735 141.8702 142.1093 142.1093 145.4212 145.9538 112.513 109.5604 95.00643 95.00643 95.00643 95.00643 95.00643 95.00643 95.00643 95.00643 95.00643 112.3625 120.6751 124.7096 124.7096 124.7096 124.7096 124.7096 124.7096 0 0 0 0 0 0 0 0
1610.519 1639.328 1379.766 172.5819 172.5819 172.5819 178.4359 235.206 260.6146 252.7494 252.7494 252.7494 252.7494 252.7494 252.7494 252.7494 252.7494 257.2598 229.0785 229.0785 229.0785 226.917 189.5532 166.6771 166.6771 166.6771 166.6771 166.6771 166.6771 166.6771 166.6771 166.6771 166.6771 163.5136 139.6617 138.0281 141.6474 142.1093 142.1093 142.1093 142.1093 157.739 194.6572 195.2539 194.3942 176.9935 178.0175 150.4673 98.77607 95.00643 95.00643 95.00643 95.00643 95.00643 95.00643 98.85931 121.6395 124.7096 124.7096 124.7096 124.7096 0 0 0 0 0 0 0 0 0
237.8911 638.4479 767.5391 172.5819 172.5819 291.1375 295.93 402.8812 464.4651 399.1205 319.1385 261.6059 252.7494 252.7494 252.7494 252.7662 404.305 498.7934 408.7166 369.0038 370.8665 384.0829 184.5395 166.6771 166.6771 166.6771 166.6771 166.6771 166.6771 166.6771 166.6771 166.6771 166.6771 156.3889 142.2713 142.1093 142.1093 142.1093 142.1093 142.1093 142.1093 151.1277 186.3236 195.3742 195.3742 195.3742 195.3742 195.3742 176.1595 117.4635 95.00644 95.00644 95.00644 95.00643 95.00643 95.00642 95.00643 0 0 0 0 0 0 0 0 0 0 0 0 0
