src/main/resources/niemcy.asc
ncols         264
nrows         240
xllcorner     5
yllcorner     46
cellsize      0.0416666666667
NODATA_value  0
[rows 186 to 216 of 240, columns 70 to 139 of 264]
225.7474 225.9987 232.423 231.0804 226.95 230.8461 225.7934 225.4972 225.2039 191.0856 184.465 184.465 184.465 184.465 184.465 184.465 184.465 184.465 186.2808 202.6703 203.1929 203.1929 203.1929 203.1929 203.1929 203.1929 203.1929 203.1929 192.5739 148.4339 117.0836 111.0593 111.0593 117.98 184.7047 258.4069 259.0042 243.3875 144.5381 143.1771 143.1771 143.1771 143.1771 143.1771 142.1259 140.0993 139.9928 139.921 139.921 140.0382 141.0759 199.8565 317.8331 317.8527 317.8527 317.8527 217.2298 158.051 160.4446 160.4446 160.4446 153.4601 148.7929 189.7499 235.7175 237.7305 237.7305 237.7305 237.7305 237.7305
239.3701 238.9855 239.8567 239.8567 239.8566 237.3553 222.6248 222.7991 219.2496 195.558 184.9121 186.4789 187.4274 187.9481 184.5949 184.465 184.465 184.465 184.465 193.0589 199.4286 198.6202 203.1929 203.1929 203.1929 203.1929 203.1929 203.1929 203.1929 203.1929 139.1235 111.0593 111.0593 126.3419 139.921 162.01 158.4477 150.3859 139.9778 141.0727 140.4959 142.1444 142.5127 142.1945 139.9436 139.921 139.921 139.921 139.921 139.921 140.0128 142.6208 302.3259 317.8527 317.8527 239.1429 119.38 137.8583 155.2185 144.6796 126.5686 113.1912 113.1136 152.5103 230.2072 232.8927 229.4906 237.7305 237.7305 237.7305
239.8567 239.8567 239.8567 239.8567 239.8567 212.4545 202.6729 204.4047 202.6475 202.0059 201.9437 202.6475 201.1744 202.6475 197.7782 185.649 184.465 184.465 184.7345 185.6246 187.8512 187.4859 196.4618 203.1929 203.1929 192.8012 125.7881 139.5275 145.4169 163.4987 118.4014 111.0593 116.4585 134.8863 139.921 139.921 139.921 139.921 139.921 139.921 139.921 140.0362 139.9372 139.921 139.921 139.921 139.921 139.921 139.921 139.921 140.3036 141.2943 236.6191 317.8527 300.2382 123.0956 112.8267 112.8267 114.8516 112.8267 112.8267 112.8267 112.8267 112.8402 124.7238 114.3847 161.652 237.7305 234.4582 185.1798
239.8567 239.8567 239.8567 239.8567 239.8567 219.3358 202.6475 202.6475 202.6475 202.6475 202.6475 202.6475 202.6475 202.6475 202.6475 191.9628 184.8298 186.1946 186.9192 187.0844 187.0844 187.0844 187.1201 192.6425 189.0579 121.1141 111.0593 111.0593 111.0593 111.0593 111.0593 111.0593 111.0593 113.7383 127.5973 130.9935 138.0232 139.921 139.921 139.921 139.921 139.921 139.921 139.921 139.921 139.921 139.921 139.921 139.921 139.921 139.921 139.921 145.0733 166.1861 118.3852 112.8267 112.8267 112.8267 112.8267 112.8267 112.8267 112.8267 112.8267 112.8267 112.8267 112.8267 149.7582 172.2998 187.6007 147.4185
217.8703 214.5844 218.2405 220.6309 235.5005 211.7333 202.6475 202.6475 202.6475 202.6475 202.6475 202.6475 202.6475 202.6475 202.6475 201.6034 196.7268 188.117 187.0844 187.0844 187.0844 187.0844 187.0844 187.0844 174.204 149.369 111.0593 111.0593 111.0593 111.0593 111.0593 111.0593 111.0593 111.0593 111.0593 111.0593 111.7986 116.8697 124.435 137.9186 139.921 139.921 139.921 139.921 139.921 139.921 139.921 139.921 139.921 139.921 139.921 139.921 139.921 122.8707 112.8267 129.1278 112.8267 112.8267 112.8267 112.8267 112.8267 112.8267 112.8267 112.8267 112.8267 112.8267 110.962 99.44982 119.6793 152.4003
307.8785 190.1691 190.1691 190.1691 201.4207 202.319 202.6475 202.6475 202.6475 202.6475 202.6475 202.6475 202.6475 202.6475 202.6475 202.6475 202.6475 192.4057 187.0844 187.0844 187.0844 187.0844 187.0844 187.0844 183.3411 173.2213 124.873 111.0593 111.0593 111.0593 111.0593 111.0593 111.0593 111.0593 111.0593 111.0593 111.0593 111.0593 111.0593 114.6121 135.9532 139.921 139.921 139.921 139.921 139.921 139.921 139.921 139.921 139.921 139.921 139.921 139.3678 289.6548 449.3609 277.7234 112.8267 112.8267 112.8267 112.8267 112.8267 112.8267 112.8267 112.8267 112.8267 111.883 104.0721 99.44982 104.2105 129.3939
392.0946 190.1691 190.1691 190.1691 190.1691 190.4247 193.0357 191.8474 193.146 197.7958 202.6475 202.6475 202.6475 202.6475 202.6475 202.6475 202.6475 196.922 187.0844 187.0844 187.0844 187.0844 187.0844 187.0844 187.0844 187.0844 139.5674 111.0593 111.0593 111.0593 111.0593 111.0593 111.0593 111.0593 111.0593 111.0593 112.7905 117.4881 140.3488 150.5703 165.4695 148.4046 153.7567 152.6379 145.2564 141.1853 145.7843 158.3568 144.8932 145.8752 141.1015 146.6615 258.0224 413.0881 495.2207 112.8267 112.8267 112.8267 112.8267 112.8267 112.8267 112.8267 108.7036 107.694 111.4484 106.0035 99.44981 99.44981 99.44981 121.9859
296.4386 190.1691 190.1691 190.1691 190.1691 190.1691 190.1691 190.1691 191.0801 193.5649 198.8389 202.641 202.6475 202.6475 202.6475 202.6475 191.8444 188.0547 187.0844 187.0844 187.0844 197.24 187.0844 191.5465 226.0062 240.7974 237.0119 200.8641 111.0593 111.0593 111.0593 111.0593 111.0593 111.0593 111.0593 120.3346 165.2564 171.5117 171.6264 171.6264 171.6264 171.6264 171.6264 171.6264 170.6322 170.3933 170.9488 171.6264 171.6264 171.6264 165.3166 169.7614 332.3575 499.5077 271.4387 112.8267 112.8267 112.8267 112.0973 112.7346 111.5405 106.3207 101.5622 99.44981 101.8844 136.3929 99.44981 99.44981 107.2066 147.3378
193.9168 190.1691 190.1691 190.1691 190.1691 190.1691 190.1691 190.1691 190.1691 190.1691 190.1691 192.8716 201.4662 202.6475 202.6475 202.6475 195.017 187.0844 202.8543 246.6084 257.5815 284.3185 238.2775 338.7117 348.1729 348.1729 348.1729 347.3669 306.5793 182.1244 111.0593 116.5632 126.7456 111.0593 111.0593 149.0576 171.6264 171.6264 171.6264 171.6264 171.6264 171.6264 171.6264 171.6264 171.6264 171.6264 171.6264 171.6264 171.6264 171.6264 171.6264 171.6264 142.6716 113.3381 112.8267 112.8267 112.8267 112.8267 110.598 102.9944 99.71449 99.44982 99.44982 305.1154 738.1851 701.1899 99.44982 99.44982 113.8566 153.1694
279.9605 264.9896 208.2373 167.9345 189.7187 190.1691 190.1691 189.5554 173.0132 178.068 179.4422 177.8284 171.8252 196.2379 202.6475 202.6475 202.2092 247.6498 286.177 348.1729 348.1729 348.1729 348.1729 348.1729 348.1729 348.1729 348.1729 342.6407 336.287 199.8416 164.665 238.1931 288.5021 261.8766 185.5841 142.7184 171.6264 171.6264 171.6264 171.6264 171.6264 171.6264 171.6264 171.6264 171.6264 171.6264 171.6264 171.6264 171.6264 171.6264 171.6264 170.1516 136.2634 112.8267 109.8764 109.854 105.0292 104.1257 99.61718 99.44982 99.44982 99.44982 99.44982 228.9208 581.2557 535.7712 99.44982 99.5473 134.1089 149.9743
280.1712 278.1975 149.8199 146.4126 170.9448 190.1295 190.1691 159.5728 146.4126 146.4126 146.4126 146.4126 146.4126 149.8471 191.2401 202.6475 219.7964 345.0669 348.1729 348.1729 348.1729 348.1729 348.1729 348.1729 348.1729 348.1729 348.1729 343.7311 320.5936 320.5936 320.5936 320.5936 320.5936 320.5936 320.5936 273.7172 268.4444 173.343 171.6264 171.6264 171.6264 171.6264 171.6264 171.6264 171.6264 171.6264 171.6264 171.6264 171.6264 171.6264 171.6264 171.0564 149.6 104.6378 98.40555 98.27611 98.27611 98.27611 98.51896 99.07262 99.36581 99.44982 99.44982 99.44982 99.44982 99.44982 99.44982 99.98036 141.9334 146.2859
280.1712 244.8994 151.2444 146.4126 146.7488 156.1974 169.7961 150.9693 146.4126 146.4126 146.4126 146.4126 146.4126 146.4126 171.4471 202.6475 348.1729 348.1729 348.1729 348.1729 348.1729 348.1729 348.1729 348.1729 348.1729 348.1729 348.1729 348.1729 344.6601 320.8447 320.5936 320.5936 320.5936 320.5936 320.5936 320.5936 270.8972 205.9617 171.8573 171.6264 171.6264 171.6264 171.6264 171.6264 171.6264 171.6264 171.6264 171.6264 171.6264 171.6264 171.6264 164.8725 120.4015 98.2761 98.2761 210.3784 539.0212 472.0777 399.6802 106.0705 98.66427 99.44138 99.44982 99.44982 99.44982 99.44982 99.44982 104.0849 129.3206 146.2859
280.1462 189.0235 146.4126 146.4126 146.4126 146.4126 146.5419 146.4126 146.4126 146.4126 146.4126 146.4126 146.4126 0 0 0 0 348.1729 348.1729 348.1729 348.1729 348.1729 348.1729 348.1729 348.1729 348.1729 348.1729 348.1729 348.1729 348.1729 346.9803 320.5936 320.5936 320.5936 320.5936 320.5936 320.5936 314.4301 264.1598 261.699 216.7936 171.6264 171.6264 171.6264 171.6264 171.6264 171.6264 171.6264 171.6264 171.6264 171.6264 171.6264 158.18 98.48714 98.27611 98.96571 739.0493 922.8538 735.7617 98.38319 98.297 99.32162 99.44982 99.44982 99.44982 99.44982 99.44982 119.3102 145.5763 133.3813
250.687 175.2051 146.4126 146.4126 146.4126 146.4126 146.4126 146.4126 146.4126 146.4126 146.4126 146.4126 146.4126 0 0 146.4126 146.4126 348.1729 348.1729 348.1729 348.1729 348.1729 348.1729 348.1729 348.1729 348.1729 348.1729 348.1729 348.1729 348.1729 348.1729 345.0767 320.5936 320.5936 320.5936 320.5936 320.5936 320.5936 320.5936 320.5936 319.7852 286.8451 240.9811 207.2374 171.6264 172.219 188.3097 173.9544 171.6264 178.6801 199.6796 183.3764 167.7406 110.0624 98.27611 98.27611 188.7626 289.2121 99.51579 98.27611 98.27611 98.87508 99.43533 99.44981 99.44981 99.44981 99.44981 112.6927 109.9271 141.7163
146.559 146.4126 146.4126 146.4126 146.4126 146.4126 146.4126 146.4126 146.4126 146.4126 146.4126 146.4126 146.4126 146.4126 146.4126 146.4126 146.4126 146.4126 0 0 0 0 348.1729 348.1729 348.1729 0 0 0 0 348.1729 348.1729 0 0 0 320.5936 320.5936 320.5936 320.5936 320.5936 320.5936 320.5936 320.5936 299.9203 249.1456 175.4907 219.5692 247.5281 241.5075 228.0309 237.6577 247.5281 221.8739 101.6144 98.27611 98.27611 98.27611 98.27611 98.27611 98.27611 98.27611 98.27611 98.41743 99.33189 99.44982 99.44982 99.44982 99.44982 99.44982 101.5748 109.2168
146.4126 146.4126 146.4126 146.4126 146.4126 146.4126 146.4126 146.4126 146.4126 146.4126 146.4126 146.4126 146.4126 146.4126 146.4126 146.4126 146.4126 0 0 0 0 0 0 0 0 0 0 0 0 0 0 0 0 0 0 0 0 0 320.5936 320.5936 319.1619 288.248 248.0414 217.5041 236.7049 247.5281 247.5281 247.5281 247.5281 247.5281 247.5253 183.9489 98.27611 98.27611 98.27611 98.27611 98.27611 98.27611 98.27611 98.27611 98.3204 99.1942 99.44981 99.44981 99.44981 99.44981 99.44981 99.44981 99.44981 99.44981
146.4126 146.4126 146.4126 146.4126 146.4126 146.4126 0 0 0 146.4126 146.4126 146.4126 146.4126 146.4126 0 0 0 0 0 0 0 0 0 0 0 0 0 0 0 0 0 0 0 0 0 0 0 0 0 0 257.996 247.5281 247.5281 247.5281 247.5281 247.5281 247.5281 247.5281 247.4975 179.3981 128.6718 106.6261 98.27611 98.27611 98.27611 98.27611 98.27611 98.27611 98.27611 98.27611 98.28702 99.44982 99.44982 99.44981 99.44982 99.44982 99.44982 99.44982 99.44982 99.44982
0 0 0 0 0 0 0 0 0 0 0 0 0 0 0 0 0 0 0 0 0 0 0 0 0 0 0 0 0 0 0 0 0 0 0 0 0 0 0 0 0 0 0 247.5281 0 0 247.5281 247.5281 247.5281 100.7569 98.27612 98.27612 98.27612 98.27612 98.27612 98.27612 98.27612 98.27612 98.27612 98.27612 98.27612 99.44982 99.44982 99.44982 0 0 0 99.44982 99.44983 99.44982
0 0 0 0 0 0 0 0 0 0 0 0 0 0 0 0 0 0 0 0 0 0 0 0 0 0 0 0 0 0 0 0 0 0 0 0 0 0 0 0 0 0 0 0 0 0 0 0 0 98.27611 98.27611 98.27611 98.27611 98.2761 98.2761 98.2761 98.2761 98.2761 98.2761 98.2761 98.2761 98.27611 0 0 0 0 0 0 0 0
0 0 0 0 0 0 0 0 0 0 0 0 0 0 0 0 0 0 0 0 0 0 0 0 0 0 0 0 0 0 0 0 0 0 0 0 0 0 0 0 0 0 0 0 0 0 0 0 0 0 0 98.27612 98.27612 98.27612 98.27612 98.27612 98.27612 98.27612 98.27612 98.27612 98.27612 98.27611 0 0 0 0 0 0 0 0
0 0 0 0 0 0 0 0 0 0 0 0 0 0 0 0 0 0 0 0 0 0 0 0 0 0 0 0 0 0 0 0 0 0 0 0 0 0 0 0 0 0 0 0 0 0 0 0 0 0 0 98.2761 98.27612 98.27611 98.27611 98.27611 98.27611 98.27611 98.27611 98.27612 98.27612 0 0 0 0 0 0 0 0 0
0 0 0 0 0 0 0 0 0 0 0 0 0 0 0 0 0 0 0 0 0 0 0 0 0 0 0 0 0 0 0 0 0 0 0 0 0 0 0 0 0 0 0 0 0 0 0 0 0 0 0 0 98.27612 98.27611 98.27612 98.27611 98.27612 98.27612 98.27611 98.27611 0 0 0 0 0 0 0 0 0 0
0 0 0 0 0 0 0 0 0 0 0 0 0 0 0 0 0 0 0 0 0 0 0 0 0 0 0 0 0 0 0 0 0 0 0 0 0 0 0 0 0 0 0 0 0 0 0 0 0 0 0 0 0 0 98.27611 98.27611 98.27611 98.27612 98.27612 0 0 0 0 0 0 0 0 0 0 0
0 0 0 0 0 0 0 0 0 0 0 0 0 0 0 0 0 0 0 0 0 0 0 0 0 0 0 0 0 0 0 0 0 0 0 0 0 0 0 0 0 0 0 0 0 0 0 0 0 0 0 0 0 0 98.27611 98.27611 98.27611 0 0 0 0 0 0 0 0 0 0 0 0 0
0 0 0 0 0 0 0 0 0 0 0 0 0 0 0 0 0 0 0 0 0 0 0 0 0 0 0 0 0 0 0 0 0 0 0 0 0 0 0 0 0 0 0 0 0 0 0 0 0 0 0 0 0 0 0 0 0 0 0 0 0 0 0 0 0 0 0 0 0 0
0 0 0 0 0 0 0 0 0 0 0 0 0 0 0 0 0 0 0 0 0 0 0 0 0 0 0 0 0 0 0 0 0 0 0 0 0 0 0 0 0 0 0 0 0 0 0 0 0 0 0 0 0 0 0 0 0 0 0 0 0 0 0 0 0 0 0 0 0 0
0 0 0 0 0 0 0 0 0 0 0 0 0 0 0 0 0 0 0 0 0 0 0 0 0 0 0 0 0 0 0 0 0 0 0 0 0 0 0 0 0 0 0 0 0 0 0 0 0 0 0 0 0 0 0 0 0 0 0 0 0 0 0 0 0 0 0 0 0 0
0 0 0 0 0 0 0 0 0 0 0 0 0 0 0 0 0 0 0 0 0 0 0 0 0 0 0 0 0 0 0 0 0 0 0 0 0 0 0 0 0 0 0 0 0 0 0 0 0 0 0 0 0 0 0 0 0 0 0 0 0 0 0 0 0 0 0 0 0 0
0 0 0 0 0 0 0 0 0 0 0 0 0 0 0 0 0 0 0 0 0 0 0 0 0 0 0 0 0 0 0 0 0 0 0 0 0 0 0 0 0 0 0 0 0 0 0 0 0 0 0 0 0 0 0 0 0 0 0 0 0 0 0 0 0 0 0 0 0 0
0 0 0 0 0 0 0 0 0 0 0 0 0 0 0 0 0 0 0 0 0 0 0 0 0 0 0 0 0 0 0 0 0 0 0 0 0 0 0 0 0 0 0 0 0 0 0 0 0 0 0 0 0 0 0 0 0 0 0 0 0 0 0 0 0 0 0 0 0 0
0 0 0 0 0 0 0 0 0 0 0 0 0 0 0 0 0 0 0 0 0 0 0 0 0 0 0 0 0 0 0 0 0 0 0 0 0 0 0 0 0 0 0 0 0 0 0 0 0 0 0 0 0 0 0 0 0 0 0 0 0 0 0 0 0 0 0 0 0 0
