src/main/resources/niemcy.asc
ncols         264
nrows         240
xllcorner     5
yllcorner     46
cellsize      0.0416666666667
NODATA_value  0
[rows 62 to 92 of 240, columns 140 to 209 of 264]
53.22847 53.22847 53.22847 53.22847 53.22847 53.22847 53.22847 53.22847 53.22847 53.22847 53.22847 53.22847 53.22847 53.22847 53.22847 53.22847 53.22847 53.22847 53.22847 51.01937 46.56854 44.86203 44.86203 44.86203 44.86203 44.86203 44.86203 44.86203 44.86203 44.86203 44.86203 44.86203 44.86203 44.86203 44.52708 41.03709 39.78 39.78 39.78 39.78 39.78 39.78 39.78 39.78 39.77999 0 39.78 39.78 39.5349 39.3686 39.3686 39.3686 39.3686 39.3686 39.3686 39.3686 39.3686 39.3686 39.3686 39.3686 39.3686 39.3686 39.3686 39.3686 39.3686 38.64206 38.12894 37.92019 37.90229 37.90229
53.22847 60.04638 69.50613 57.46237 53.22847 53.22847 53.22847 53.22847 53.22847 53.22847 53.22847 53.22847 53.22847 53.22847 53.22847 53.22847 53.22847 53.22847 53.22847 53.22847 50.49631 44.86203 44.86203 44.86203 44.86203 44.86203 44.86203 44.86203 43.81446 37.90639 41.67488 40.17461 41.47369 41.20322 44.78341 42.47121 39.99649 39.78 39.78 39.78 39.78 39.78 39.78 39.78 39.78 39.78 39.78 39.71548 39.4425 39.3686 39.3686 39.3686 39.3686 39.3686 39.3686 39.3686 39.3686 39.3686 39.3686 39.3686 39.3686 39.3686 39.3686 39.3686 38.84038 37.95572 37.90229 37.90229 37.90229 37.90229
103.8508 142.3697 147.8794 140.2795 59.15746 53.22847 53.22847 53.22847 53.22847 53.22847 53.22847 53.22847 53.22847 53.22847 53.22847 53.22847 53.22847 53.22847 53.22847 53.22847 53.21487 48.89342 47.6035 44.91503 44.93837 44.86203 44.86203 44.12918 38.85091 35.02673 35.02673 35.02673 35.02673 35.05348 36.59718 38.44542 39.44571 39.62339 39.78 39.78 39.78 39.78 39.78 39.78 39.78 39.78 39.7081 39.49577 39.3686 39.3686 39.3686 39.3686 39.3686 39.3686 39.3686 39.3686 39.3686 39.3686 39.3686 39.3686 39.3686 39.3686 39.24093 39.27005 38.17903 37.90229 37.90229 37.90229 37.90229 37.90229
147.7602 147.8794 147.8794 147.8794 119.5964 56.83126 53.22847 53.22847 53.22847 53.22847 53.22847 53.22847 53.22847 53.22847 53.22847 53.22847 53.22847 53.22847 53.22847 53.22847 53.22847 53.22847 52.66137 49.327 46.10529 39.66072 39.13464 35.45784 35.02673 35.02673 35.02673 35.02673 35.02673 35.02673 35.02673 36.166 38.64549 38.83436 39.45086 39.6277 39.4185 39.5801 39.76706 39.65068 39.7798 39.78 39.47998 39.3686 39.3686 39.3686 39.3686 39.3686 39.3686 39.3686 39.3686 39.42332 39.58253 39.34971 38.78576 38.38514 38.5253 39.22697 38.15503 37.93928 37.90229 37.90229 37.90229 37.90229 37.90229 37.90229
130.2118 76.16126 125.8645 147.8794 147.8794 118.4805 59.5122 53.22847 53.22847 53.22847 53.22847 53.22847 53.22847 53.22847 53.22847 53.22847 53.22847 51.94148 45.47539 39.16684 38.46721 46.03568 45.43214 42.45851 35.06921 35.02673 35.02673 35.02673 35.02673 35.02673 35.02673 35.02673 35.02673 35.02673 35.02673 35.42825 38.06706 38.66231 38.66231 38.66231 38.66231 38.66231 38.70919 38.67517 39.24833 39.37112 39.64594 39.44285 39.3686 39.3686 39.3686 39.3686 39.3686 39.3686 78.80687 122.1817 108.2264 69.71368 38.07775 37.90229 37.90229 37.99267 37.90229 37.90229 37.90229 37.90229 37.90229 37.90229 37.90229 37.90229
142.673 77.27877 40.80382 72.67658 123.7702 147.8794 144.5764 111.8556 80.32245 53.22847 53.22847 53.22847 53.22847 53.22847 53.22847 53.22847 53.22847 42.88777 35.02673 35.02673 35.02673 35.02673 35.02673 35.02673 35.02673 35.02673 35.02673 35.02673 35.02673 35.02673 35.02673 35.02673 35.02673 35.02673 35.02673 36.44627 38.66231 38.66231 38.66231 38.66231 38.66231 38.66231 38.66231 38.66231 38.66231 38.69188 39.1345 38.96659 38.93196 39.00087 38.9333 40.777 71.91531 116.2417 133.0375 133.0406 133.0406 132.6206 113.8587 49.87532 37.90229 37.90229 37.90229 37.90229 37.90229 37.90229 37.90229 37.90229 37.90229 37.90229
96.96576 72.88289 40.18217 40.18217 41.64574 81.40437 89.55284 41.72334 53.77827 47.70597 52.63948 53.22847 53.22847 49.93745 47.04922 50.43971 52.85839 39.96289 35.02673 35.02673 35.02673 35.02673 35.02673 35.02673 35.02673 35.02673 35.02673 35.02673 35.02673 35.02673 35.02673 35.02673 35.02673 35.02673 35.02978 37.24401 38.66231 38.66231 38.66231 38.66231 38.66231 38.66231 38.66231 38.66231 38.66231 38.66231 38.66231 38.66231 38.66231 38.66231 38.66231 60.78928 123.0524 133.0406 133.0406 133.0406 133.0406 133.0406 131.8758 48.0813 37.90229 37.90229 37.90229 37.90229 37.90229 37.90229 37.90229 37.90229 37.90229 37.90229
40.18217 40.18217 40.18217 40.18217 40.18217 40.18217 40.18217 40.18217 40.18217 40.18217 39.36839 38.36759 39.38041 38.04025 35.02673 35.02673 35.22397 35.02673 35.02673 35.02673 35.02673 35.02673 35.02673 35.02673 35.02673 35.02673 35.02673 35.02673 35.02673 35.02673 35.02673 35.02673 35.02673 35.02673 35.02673 36.27745 38.60955 38.66231 38.66231 38.66231 38.66231 38.66231 38.66231 38.66231 38.66231 38.66231 38.66231 38.66231 38.66231 38.66231 64.07433 131.6398 133.0406 133.0406 133.0406 133.0406 133.0406 133.0406 133.0406 111.7651 55.84901 37.90229 37.90229 37.90229 37.90229 37.90229 37.90229 37.90229 37.90229 37.90229
43.27628 40.18217 40.18217 40.18217 40.18217 40.18217 40.18217 40.18217 40.18217 40.18217 40.18217 39.09124 36.99623 38.54015 39.44934 37.97918 35.99666 35.60444 35.07367 35.03424 35.02673 35.02673 35.02673 35.02673 35.02673 35.02673 35.02673 35.02673 35.02673 35.02673 35.02673 35.02673 35.02673 35.02673 35.07985 38.12925 38.66231 38.36725 38.66031 38.66231 38.66231 38.66231 38.66231 38.66231 38.66231 38.66231 38.66231 38.66231 38.66231 38.66231 38.66231 55.11037 90.51582 133.0406 133.0406 133.0406 133.0406 133.0406 133.0406 133.0406 128.1795 79.25056 37.90229 37.90229 37.90229 37.90229 37.90229 37.90229 38.36665 39.14643
63.8512 43.85626 40.18217 40.18217 40.18217 40.18217 40.18217 40.18217 40.18217 40.18217 40.18217 40.18217 40.18217 40.18217 40.18217 40.18217 50.32113 66.69633 122.3933 66.75021 42.77888 35.02673 35.02673 35.02673 35.02673 35.02673 35.02673 35.02673 35.02673 35.02673 35.02673 35.02673 35.02673 35.02673 35.02673 35.271 36.57143 35.78848 38.64878 38.66231 38.66231 38.66231 38.66231 38.66231 38.66231 38.66231 38.66231 38.66231 38.66231 38.66231 38.66231 38.66231 89.83849 133.0406 133.0406 133.0406 133.0406 133.0406 133.0406 133.0406 133.0406 122.287 91.47406 51.22834 37.90229 37.90229 38.92369 40.94779 108.8764 135.3125
54.96249 41.51065 40.18217 40.18217 40.18217 40.18217 40.18217 40.18217 40.18217 40.18217 40.18217 40.18217 40.18217 40.18217 40.18217 45.12925 131.5716 134.3862 135.1173 135.1173 105.898 101.91 73.6771 35.50923 35.02673 35.02673 35.02673 35.02673 35.02673 35.02673 35.02673 35.02673 35.02673 35.02673 35.02673 35.93165 38.0358 38.58838 38.66231 38.66231 38.66231 38.66231 38.66231 38.66231 38.66231 38.66231 38.66231 38.66231 38.66231 38.66231 38.66231 38.66231 50.46973 117.2948 133.0406 133.0406 133.0406 133.0406 133.0406 133.0406 133.0406 133.0406 133.3291 132.0401 110.5325 115.6257 133.2795 138.9356 138.9356 138.9356
50.17034 40.18217 40.18217 40.18217 40.18217 40.18217 40.18217 40.18217 40.18217 40.18217 40.18217 40.18217 40.18217 40.18217 39.59895 40.38359 98.10424 111.5896 135.1173 135.1173 135.1173 135.1173 135.1173 127.3779 49.77817 35.02673 35.02673 35.02673 35.02673 35.02673 35.02673 35.02673 35.02673 35.02673 36.35988 38.49173 38.66231 38.66231 38.66231 38.66231 38.66231 38.66231 38.66231 38.66231 38.66231 38.66231 38.66231 38.66231 38.66231 38.66231 38.66231 38.66231 38.66231 113.3037 133.0406 133.0406 133.0406 133.0406 133.0406 133.0406 133.0406 133.9726 137.7039 138.8138 138.9356 138.9356 138.9356 138.9356 138.9356 138.9356
40.18217 40.18217 40.18217 39.37384 37.41629 37.39142 38.17803 38.20899 38.17582 39.11447 39.55028 39.81641 38.89835 37.99501 37.02621 36.9971 36.9971 37.59535 67.74031 128.6331 135.1173 135.1173 135.1173 133.2793 117.4987 86.35934 69.62675 44.78324 63.9647 61.40559 43.5428 37.21377 38.61159 38.30369 38.56021 38.66231 38.66231 38.66231 38.66231 38.66231 38.66231 38.66231 38.66231 38.66231 38.66231 38.66231 38.66231 38.66231 38.66231 38.66231 38.66231 38.66231 76.81108 132.8348 133.0406 133.0406 133.0406 133.0406 133.0406 133.0406 133.0406 133.1987 133.7782 136.3896 138.9147 138.9356 138.9356 138.9356 138.9356 138.9356
39.29177 38.82493 38.41819 37.03248 36.9971 36.9971 36.9971 36.9971 36.9971 36.9971 36.9971 36.9971 36.9971 36.9971 36.9971 50.52436 60.75795 77.97095 89.04201 130.1196 135.1173 135.1173 135.1173 135.1173 135.1173 135.1173 135.1173 135.1173 135.1173 135.1173 134.4658 99.45442 122.2018 83.76485 38.66231 38.66231 38.66231 38.66231 38.66231 38.66231 38.66231 38.66231 38.66231 38.66231 38.66231 38.66231 38.66231 38.66231 38.66231 38.66231 39.66829 73.78557 101.9281 133.0406 133.0406 133.0406 133.0406 133.0406 133.0406 133.0406 133.0406 133.0406 133.0406 135.233 138.8782 138.9356 138.9356 138.9356 138.9356 138.9356
36.9971 36.9971 36.9971 36.9971 36.9971 36.9971 36.9971 36.9971 36.9971 36.9971 36.9971 36.9971 36.9971 36.9971 36.9971 61.74683 91.74509 135.1173 135.1173 135.1173 135.1173 135.1173 135.1173 135.1173 135.1173 135.1173 135.1173 135.1173 135.1173 135.1173 135.1173 135.1173 135.1173 127.0066 52.02223 50.34516 50.56815 49.30271 38.66231 38.66231 39.03303 66.90985 52.10736 45.70723 38.66231 38.66231 38.66231 38.66231 38.66231 38.66231 55.18517 114.1664 133.0406 133.0406 133.0406 133.0406 133.0406 133.0406 133.0406 133.0406 133.0406 133.0406 134.6768 135.7899 138.1447 138.9356 138.9356 138.9356 138.9356 138.9356
36.9971 36.9971 36.9971 36.9971 36.9971 36.9971 36.9971 36.9971 36.9971 36.9971 36.9971 36.9971 36.9971 36.9971 36.9971 36.9971 75.2437 119.6998 135.1173 135.1173 135.1173 135.1173 135.1173 135.1173 135.1173 135.1173 135.1173 135.1173 135.1173 135.1173 135.1173 135.1173 134.8854 115.5483 109.673 109.673 109.673 79.36053 49.22898 53.01177 48.27749 102.3691 109.6589 107.9181 65.28939 42.22729 38.66231 38.66231 38.66231 38.66231 118.1908 133.0406 133.0406 133.0406 133.0406 133.0406 133.0406 133.0406 133.0406 133.0406 133.0406 133.9701 138.7789 138.9356 138.9356 138.9356 138.9356 138.9356 138.9356 138.9356
37.10942 36.9971 36.9971 36.9971 36.9971 36.9971 36.9971 36.9971 36.9971 36.9971 36.9971 36.9971 36.9971 36.9971 36.9971 36.9971 80.1319 135.1173 135.1173 135.1173 135.1173 135.1173 135.1173 135.1173 135.1173 135.1173 135.1173 135.1173 135.1173 135.1173 135.1173 135.1173 133.6741 112.1393 109.673 109.673 109.673 109.673 109.673 109.673 109.6424 109.673 109.673 109.673 109.5616 61.31255 38.66231 38.91309 44.60794 101.2682 123.7494 131.5709 133.0406 133.0406 133.0406 133.0406 133.0406 133.0406 133.0406 133.0406 133.0406 133.8373 138.7019 138.9356 138.9356 138.9356 138.9356 138.9356 138.9356 136.3953
67.90926 36.9971 36.9971 36.9971 36.9971 36.9971 36.9971 36.9971 36.9971 36.9971 36.9971 36.9971 36.9971 36.9971 36.9971 69.64304 126.3748 135.1173 135.1173 135.1173 135.1173 135.1173 135.1173 135.1173 135.1173 135.1173 135.1173 135.1173 135.1173 135.1173 135.1173 135.1173 135.1173 121.0687 109.673 109.673 109.673 109.673 109.673 109.673 109.673 109.673 109.673 109.673 109.673 107.718 88.28349 80.22803 111.6779 109.673 109.673 113.364 125.1028 128.977 131.558 133.0406 133.0406 133.0406 133.0406 133.0406 133.0406 135.0209 141.3551 367.7542 138.9356 138.9356 138.9356 138.9356 138.9356 138.9356
120.9108 69.97832 36.9971 37.32747 36.9971 36.9971 36.9971 36.9971 36.9971 36.9971 36.9971 36.9971 36.9971 41.99245 66.90704 103.528 135.1173 135.1173 135.1173 135.1173 135.1173 135.1173 135.1173 135.1173 135.1173 135.1173 135.1173 135.1173 135.1173 135.1173 135.1173 135.1173 135.0797 124.7484 109.673 109.673 109.673 109.673 109.673 109.673 109.673 109.673 109.673 109.673 109.673 109.673 109.673 109.673 109.673 109.673 109.673 109.673 109.673 109.673 120.6441 130.886 133.0406 295.5568 1428.156 1044.634 172.4299 1445.648 1760.279 2969.272 914.9836 138.9356 138.9356 138.9356 138.9356 138.9356
120.9194 119.9546 96.10702 57.21154 36.9971 36.9971 36.9971 36.9971 36.9971 36.9971 36.9971 36.9971 36.9971 42.92582 70.15685 80.53 65.85106 63.42466 128.3314 135.1173 135.1173 135.1173 135.1173 135.1173 135.1173 135.1173 135.1173 135.1173 135.1173 135.1173 135.1173 135.1173 115.3464 109.719 109.673 109.673 109.673 109.673 109.673 109.673 109.673 109.673 109.673 109.673 109.673 109.673 109.673 109.673 109.673 109.673 109.673 109.673 109.673 109.673 109.673 809.0013 918.5447 3184.497 3487.811 3478.735 3401.488 3487.811 3487.811 3456.286 1005.976 249.0538 138.9356 138.9356 137.586 118.421
120.9194 120.9194 91.19086 36.9971 36.9971 36.9971 36.9971 36.9971 36.9971 36.9971 36.9971 36.9971 36.9971 36.9971 36.9971 36.9971 36.9971 48.10938 133.7616 135.1173 135.1173 135.1173 135.1173 135.1173 135.1173 135.1173 135.1173 121.2892 135.1173 135.1173 135.1173 131.516 111.8207 109.673 109.673 109.673 109.673 109.6657 108.6461 108.3622 109.673 109.673 109.673 109.673 109.2002 109.5143 109.673 109.673 109.673 109.673 109.673 109.673 109.673 109.673 112.0628 2129.013 3487.811 3487.811 3487.811 3487.811 3487.811 3487.811 3487.811 3487.811 3487.811 2945.062 555.1661 116.6449 108.5595 102.4996
120.9194 120.9194 120.2732 76.14105 38.19802 40.15168 37.08767 36.9971 36.9971 36.9971 36.9971 36.9971 36.9971 36.9971 36.9971 36.9971 36.9971 49.63637 128.4707 135.1173 135.1173 135.1173 135.1173 135.1173 135.1173 135.1173 135.1173 95.10657 98.09412 82.63067 105.383 121.7749 113.247 97.01601 104.7737 109.673 109.673 109.4757 105.0213 104.2379 104.9046 105.849 105.3398 104.73 119.9831 120.4791 109.673 109.673 109.673 109.673 109.4485 108.606 109.1854 109.673 363.9767 2258.687 3486.574 3487.811 3487.811 3487.811 3487.811 3487.811 3487.811 3487.811 3487.811 3487.811 3277.151 1054.469 101.3748 102.3613
302.5426 154.9897 107.0688 84.30013 82.82192 72.83777 38.69939 36.9971 36.9971 36.9971 36.9971 36.9971 36.9971 36.9971 36.9971 36.9971 36.9971 36.9971 105.9393 126.5737 132.242 135.1173 135.1173 135.1173 135.1173 135.1173 135.1173 118.2846 68.31889 67.85264 67.85264 67.85264 69.02185 67.85264 73.82941 86.87109 109.673 109.5641 105.791 119.3492 120.3818 124.2771 123.602 122.7473 116.0305 104.9244 108.7747 108.3737 109.1542 108.7087 105.0259 104.2225 105.3971 108.9279 556.9414 2811.713 3487.811 3487.811 3487.811 3487.811 3487.811 3487.811 3487.811 3487.811 3487.811 3487.811 3175.231 1587.164 729.3137 184.4132
537.5468 241.299 129.1792 94.53036 82.68932 82.68932 75.66174 58.47528 58.55894 58.98429 54.76961 56.00013 47.95299 46.33359 37.63234 36.9971 36.9971 44.95926 82.28888 82.68932 84.5077 125.342 135.1173 133.6663 135.1173 135.1173 135.1173 120.7685 67.93295 67.85264 67.85264 67.85264 67.85264 67.85264 68.92657 96.51218 125.1614 221.6692 194.3154 259.8122 252.6689 238.5069 231.8602 190.1853 129.2197 104.2225 104.2225 104.2225 104.2786 104.5533 381.0238 780.7917 711.0832 728.2029 1851.525 3487.811 3487.81 3240.761 3487.811 3487.811 3487.811 3487.811 3445.463 3405.703 3487.811 3487.811 3487.811 3487.811 3421.768 2490.763
518.3946 239.3966 133.3342 132.2841 108.0538 88.36095 82.68932 82.68932 82.68932 82.68932 82.68932 82.68932 82.68932 82.68932 72.64437 57.20226 66.46062 77.86655 82.68932 82.68932 82.68932 92.19833 98.25851 90.40536 132.804 135.1173 114.541 74.95198 67.85264 67.85264 67.85264 67.85264 67.85264 67.85264 70.1414 99.24624 104.2225 199.4235 269.4625 269.545 269.545 269.545 176.248 104.2225 104.2225 104.2225 104.2225 104.2225 104.2225 104.2225 125.685 525.6067 1070.405 1070.405 1610.184 2017.834 516.0272 138.615 915.3031 961.3261 1349.981 3041.068 710.6895 1000.939 1550.349 2305.323 2788.33 3364.454 3039.817 966.9294
490.7875 155.1472 133.3342 130.5708 118.8708 102.496 82.68932 82.68932 82.68932 82.68932 82.68932 82.68932 82.68932 82.68932 82.68932 82.68932 82.68932 82.68932 82.68932 82.68932 82.68932 82.68932 84.66346 98.77048 118.9112 100.039 69.45104 67.85264 67.85264 67.85264 67.85264 67.85264 67.85264 67.85264 69.03488 98.52198 104.2225 145.1822 263.2429 269.545 236.1324 204.972 143.6186 104.2225 104.2225 104.2225 104.2225 104.2225 104.2225 104.2225 104.2225 225.721 671.0699 629.9657 524.2896 337.2695 104.2225 104.2225 93.55882 84.87759 84.86317 84.86317 83.00556 81.12328 80.52036 80.52036 83.63592 1521.278 515.5194 81.34991
208.9029 133.3342 133.3342 133.3342 111.3752 82.68932 82.68932 82.68932 82.68932 82.68932 82.68932 82.68932 82.68932 82.68932 82.68932 82.68932 82.68932 82.68932 82.68932 82.68932 82.68932 82.68932 76.92554 68.53368 68.58472 67.85264 67.85264 67.85264 67.85264 67.85264 67.85264 67.85264 67.85264 67.85264 79.78475 103.8121 104.2225 104.2225 171.3101 150.0606 111.609 104.2225 104.2225 104.2225 104.2225 104.2225 104.2225 104.2225 104.2225 104.2225 104.2225 104.2225 104.2225 104.2225 104.2225 102.2311 89.63548 87.96242 84.91481 84.86317 84.86317 84.86317 84.86317 83.87173 80.52036 80.52036 80.52036 80.52036 80.52036 80.91885
133.3342 133.3342 133.3342 133.3342 120.6983 89.41889 82.68932 82.68932 82.68932 82.68932 82.68932 82.68932 82.68932 82.68932 82.68932 82.68932 82.68932 82.68932 82.68932 82.68932 82.68932 80.18662 68.90962 67.85264 67.85264 67.85264 67.85264 67.85264 67.85264 67.85264 67.85264 67.85264 67.85264 68.2382 101.6317 104.2225 104.2225 104.2225 104.2225 104.2225 104.2225 104.2225 104.2225 104.2225 104.2225 104.2225 104.2225 104.2225 104.2225 104.2225 104.2225 104.2225 104.2225 104.2225 103.4168 94.56532 84.86317 84.86317 84.86317 84.86317 84.86317 84.86317 84.77562 83.4107 80.90031 80.52036 80.52036 80.52036 80.52036 80.52036
133.3342 133.3342 133.3342 133.3342 131.5375 111.8046 82.72403 82.68932 82.68932 82.68932 82.68932 82.68932 82.68932 82.68932 82.68932 82.68932 82.68932 82.68932 82.68932 329.9588 195.2233 68.35539 67.85265 67.85265 67.85265 67.85265 67.85265 67.85265 67.85265 67.85265 67.85265 67.85265 67.85265 68.12132 84.86578 104.1889 104.2225 104.2225 104.2225 104.2225 104.2225 104.2225 104.2225 104.2225 104.2225 104.2225 104.2225 104.2225 104.2225 104.2225 104.2225 104.2225 104.2225 104.2225 94.34288 84.86317 84.86317 84.86317 84.86317 84.86317 84.86317 84.86317 84.83649 83.37804 84.04506 82.04615 80.52036 80.52036 80.52036 80.52036
146.5734 136.9778 133.3342 133.3342 106.9614 82.22628 78.86135 79.4923 80.242 81.58531 82.68932 82.37965 82.66023 82.68932 82.68932 82.68932 82.68932 150.5412 391.7432 753.0702 634.4525 74.13261 67.85264 67.85264 67.85264 67.85264 67.85264 67.85264 67.85264 67.85264 67.85264 67.85264 67.58115 80.07621 104.0316 104.2225 104.2225 104.2225 104.2225 104.2225 104.2225 104.2225 104.2225 104.2225 104.2225 104.2225 104.2225 104.2225 104.2225 104.2225 104.2225 104.2225 103.1017 95.15285 85.20119 84.86317 84.86317 84.86317 84.86317 84.86317 84.86317 84.86317 84.86317 84.86317 84.86317 82.18561 80.52036 80.52036 80.52036 80.52036
179.4302 139.3203 133.3342 133.3342 128.2167 90.35934 78.81464 78.81464 78.81464 78.82101 79.41174 78.82403 79.41241 81.28936 82.40234 82.6003 86.079 681.3728 891.8726 891.8726 864.9636 196.8337 67.85265 67.85265 67.85265 67.85265 67.85265 67.85265 59.69113 56.97173 60.54234 60.16808 55.05591 66.3375 100.5008 104.2225 104.2225 104.2225 104.2225 104.2225 104.2225 104.2225 104.2225 104.2225 104.2225 104.2225 104.2225 104.2225 104.2225 104.2225 103.976 94.7375 86.09792 84.86317 84.86317 84.86317 84.86317 84.86317 84.86317 84.86317 84.86317 84.86317 84.86317 84.86317 84.86317 81.37061 80.52036 80.52036 80.52036 80.52036
