src/main/resources/niemcy.asc
ncols         264
nrows         240
xllcorner     5
yllcorner     46
cellsize      0.0416666666667
NODATA_value  0
[rows 124 to 154 of 240, columns 0 to 69 of 264]
0 0 0 0 0 0 0 0 0 0 0 0 0 0 0 0 0 0 0 0 0 0 0 1449.967 1449.967 1289.627 903.4332 827.6492 710.2471 564.4724 564.4724 520.3027 316.7428 304.3636 304.3636 304.3636 304.3636 304.3636 324.2793 327.8149 310.4377 644.2355 673.3074 673.3074 673.3074 656.9929 641.7504 647.521 606.2543 613.5145 568.2171 559.8785 559.8785 559.8785 559.8785 559.8785 559.8785 559.8785 559.8785 559.8785 558.5803 557.9521 532.655 521.4862 288.6785 210.8659 210.8659 210.8659 210.8659 210.8659
0 0 0 0 0 0 0 0 0 0 0 0 0 0 0 0 0 0 0 0 0 0 0 1449.967 1449.967 1449.967 1449.967 1449.967 1055.646 564.4724 564.4724 497.3195 397.0242 304.3636 304.3636 304.3636 304.3636 304.3636 304.3636 304.3636 436.4322 659.3931 673.3073 575.8215 318.0699 559.6884 559.8785 559.8785 584.5113 1252.781 1267.019 1138.959 598.9363 559.8785 559.8785 559.8785 559.8785 559.8785 559.8785 559.8785 559.8785 559.8785 443.531 381.576 231.4016 210.8659 210.8659 210.8659 210.8659 210.8659
0 0 0 0 0 0 0 0 0 0 0 0 0 0 0 0 0 0 0 0 0 0 0 0 1449.967 1449.967 1449.967 1449.967 1228.35 564.4724 564.4724 501.5435 310.8943 304.3636 304.3636 304.3636 304.3636 304.3636 286.692 245.7886 240.1644 352.9181 473.8021 200.9001 161.2641 312.9587 559.8785 559.8785 902.0565 2321.779 2321.779 2321.779 1835.452 560.8941 559.8785 559.8785 553.4338 513.5758 520.9142 457.1925 341.2166 274.0311 230.7362 210.8659 210.8601 210.6706 210.573 210.7822 210.8599 210.7955
0 0 0 0 0 0 0 0 0 0 0 0 0 0 0 0 0 0 0 0 0 0 0 0 0 0 1449.967 1449.967 1316.774 599.6005 551.0554 370.7166 304.7434 304.8073 304.3636 304.3636 304.3636 304.2239 195.8251 161.0283 161.0283 161.0283 161.0283 161.0283 244.0863 559.4687 559.8785 559.8785 883.7933 2314.093 2321.779 2321.779 1089.147 559.8785 559.8785 559.8785 502.7977 303.9422 293.3995 222.6174 210.8659 210.8659 210.8659 210.8659 210.8019 210.5026 210.4041 210.4086 210.5491 210.4648
0 0 0 0 0 0 0 0 0 0 0 0 0 0 0 0 0 0 0 0 0 0 0 0 0 0 0 1448.12 808.3047 564.4724 564.4724 548.8463 517.4033 410.8703 304.3636 304.3636 304.3636 262.4279 161.0283 161.0283 161.0283 161.0283 161.0283 161.0283 217.2335 470.1786 559.8785 559.8785 769.8595 1737.815 1070.969 1205.693 1129.384 535.5315 546.5976 483.2275 382.4373 303.9422 303.9422 260.0641 211.1021 222.7861 263.0935 267.2397 232.4681 210.4041 210.4041 210.4041 210.4041 210.4041
0 0 0 0 0 0 0 0 0 0 0 0 0 0 0 0 0 0 0 0 0 0 0 0 0 0 0 0 564.4724 564.4724 564.4724 564.4724 564.4724 405.5775 194.9342 224.7188 240.8396 195.9607 161.0283 161.0283 161.0283 161.0283 161.0283 161.0283 161.0283 325.4944 559.8785 559.8785 525.8176 425.8488 434.0443 338.3036 202.9953 289.3192 304.1884 303.9422 303.9422 303.9422 301.4766 229.934 210.8667 283.6494 303.9422 303.6031 248.3945 211.1544 210.4041 210.4041 210.4041 210.4041
0 0 0 0 0 0 0 0 0 0 0 0 0 0 0 0 0 0 0 0 0 0 0 0 0 0 0 0 564.4724 564.4724 564.4724 564.4724 507.2224 200.5347 161.0283 161.0283 161.0283 161.0283 161.0283 161.0283 161.0283 161.0283 161.0283 161.0283 161.0283 212.3345 340.1183 379.526 218.3331 171.3537 171.3537 171.3537 171.3537 176.8079 231.2346 303.9422 303.9422 303.9422 303.9422 295.2166 274.0901 303.9022 303.9422 303.937 273.1019 210.4041 210.4041 210.4041 210.4041 210.4041
0 0 0 0 0 0 0 0 0 0 0 0 0 0 0 0 0 0 0 0 0 0 0 0 0 0 0 0 564.4724 564.4724 564.4724 555.7626 427.5934 167.6239 161.0283 161.0283 161.0283 161.0283 161.0283 161.0283 161.0283 161.0283 161.0283 161.0283 161.0283 165.2612 170.5201 171.3537 171.3537 171.3537 171.3537 171.3537 171.3537 171.3537 173.9892 280.718 303.9422 303.9422 303.9422 303.9422 303.9422 303.9422 303.9422 303.9422 244.489 210.4041 210.4041 210.4041 210.4041 210.4041
0 0 0 0 0 0 0 0 0 0 0 0 0 0 0 0 0 0 0 0 0 0 0 0 0 0 0 0 0 564.4724 564.4724 294.5126 161.0283 161.0283 161.0283 161.0283 161.0283 161.0283 161.0283 161.0283 161.0283 161.3009 166.2861 165.743 161.5277 166.156 171.3537 171.3537 171.3537 171.3537 171.3537 171.3537 171.3537 171.3537 171.3537 192.0948 289.7165 303.9422 303.9422 303.9422 303.9422 303.404 268.6232 236.6667 215.6534 210.4041 210.4041 210.4041 210.4041 210.4041
0 0 0 0 0 0 0 0 0 0 0 0 0 0 0 0 0 0 0 0 0 0 0 0 0 0 0 0 0 0 0 0 161.0283 161.0283 161.0283 161.0283 161.0283 161.0283 161.0283 161.0283 161.0283 161.2811 167.8824 171.3537 171.1063 171.3537 171.3537 171.3537 171.3537 171.3537 171.3537 171.3537 171.3537 171.3537 186.3694 266.1049 268.9928 279.3761 285.7594 303.3441 301.7197 285.3509 265.0311 240.9389 211.952 210.4041 210.4041 210.4041 210.4041 210.4041
0 0 0 0 0 0 0 0 0 0 0 0 0 0 0 0 0 0 0 0 0 0 0 0 0 0 0 0 0 0 0 0 161.0283 143.2058 159.8895 161.0283 161.0283 159.5559 149.1999 161.0283 161.0283 161.0283 164.6558 171.3537 171.3537 171.3537 171.3537 171.3537 190.5007 221.1804 230.4801 219.3054 250.3935 246.0336 232.9317 268.5121 268.5121 268.5121 268.5121 271.1056 375.6122 700.5731 493.7098 312.7923 227.5689 204.5594 191.5682 210.3572 205.4731 181.9791
0 0 0 0 0 0 0 0 0 0 0 0 0 0 0 0 0 0 0 0 0 0 0 0 0 0 0 0 0 0 0 0 161.0283 115.6674 87.07084 140.9289 96.03734 78.40062 71.2961 115.32 113.73 125.5799 103.9549 151.5031 171.3537 171.3537 171.3537 159.4476 229.9707 268.5121 268.5121 268.5121 268.5121 268.5121 268.5121 268.5121 268.5121 268.5121 268.5121 376.9402 927.7874 957.561 949.0401 945.4635 392.3233 171.434 168.9494 180.8331 189.3853 164.3848
0 0 0 0 0 0 0 0 0 0 0 0 0 0 0 0 0 0 0 0 0 0 0 0 0 0 0 0 0 0 56.50234 56.50234 56.50234 64.67142 68.47193 67.56441 70.27332 70.27332 70.27332 70.27332 70.27332 70.27332 70.27332 88.22632 97.75101 112.2683 116.1302 114.3862 242.0245 268.5121 268.5121 268.5121 268.5121 268.5121 268.5121 268.5121 268.5121 268.5121 268.5121 268.5121 555.7504 941.615 480.0559 288.7708 163.2987 163.2987 163.2987 163.2987 163.2987 163.2987
0 0 0 0 0 0 0 0 0 0 0 0 0 0 0 0 0 0 0 0 0 0 0 0 0 0 0 0 56.50234 56.50234 56.50234 56.50234 56.50234 56.50234 56.50234 57.64752 64.20675 69.94111 70.27331 70.27331 70.27331 70.27331 70.27331 70.27331 70.27331 70.27331 70.27331 70.61936 78.34067 125.1086 174.9668 181.46 179.9794 227.4534 260.9456 268.5121 268.5121 268.5121 268.5121 268.5121 270.3764 303.5031 235.2581 199.2236 163.2987 163.2987 163.2987 163.2987 163.2987 163.2987
0 0 0 0 0 0 0 0 0 0 0 0 0 0 0 0 0 0 0 0 0 0 0 0 0 0 0 56.50234 56.50234 56.50234 56.50234 56.50234 56.50234 56.50234 56.50234 56.50234 56.50234 60.1762 68.97968 70.27331 70.27331 70.27331 70.27331 70.27331 70.27331 70.27331 70.77954 81.63362 79.03816 88.52214 90.08944 90.08944 90.08944 90.08944 103.4468 226.3078 256.6974 267.9274 264.1971 242.077 131.8342 111.2213 134.9357 162.1945 163.2987 163.2987 163.2987 163.2987 163.2987 163.2987
0 0 0 0 0 0 0 0 0 0 0 0 0 0 0 0 0 0 0 0 0 0 0 0 0 0 0 56.50234 56.50234 56.50234 56.50234 56.50234 56.50234 56.50234 56.50234 56.50234 56.50234 60.9778 69.3261 70.27331 70.27331 70.27331 70.27331 70.27331 70.27331 70.27331 70.63327 87.54663 90.08945 90.08945 90.08945 90.08945 90.08945 90.08945 90.08945 119.3615 125.3849 262.7646 139.0331 120.0307 110.0958 110.0958 110.0958 133.1938 160.2626 163.2987 163.2987 163.2987 163.2987 191.8834
0 0 0 0 0 0 0 0 0 0 0 0 0 0 0 0 0 0 0 0 0 0 0 0 0 0 0 56.50234 56.50234 56.50234 56.50234 56.50234 56.50234 56.50234 56.50234 56.50234 56.50234 62.71957 70.0713 70.27331 70.27331 70.27331 70.27331 70.28403 71.5938 70.27331 70.3335 82.55965 90.08944 90.08944 90.08944 90.08944 90.08944 90.08944 90.08944 90.08944 91.54836 121.9393 110.0958 110.0958 110.0958 110.0958 110.0958 110.0958 111.3731 144.75 163.2987 163.2987 164.468 172.3108
0 0 0 0 0 0 0 0 0 0 0 0 0 0 0 0 0 0 0 0 0 0 0 0 0 0 56.50233 56.50234 56.50234 56.50234 56.50234 56.50234 56.50234 56.50234 56.50234 56.50234 56.50234 56.55037 61.72229 62.06713 68.65405 77.4185 87.83307 91.60538 93.57624 78.59777 70.91054 82.96725 90.11681 90.08944 90.08944 90.08944 90.08944 90.08944 90.08944 90.08944 90.95483 103.0026 110.0958 110.0958 110.0958 110.0958 110.0958 110.0958 110.0958 125.6657 160.9384 163.8034 213.1573 214.6522
0 0 0 0 0 0 0 0 0 0 0 0 0 0 0 0 0 0 0 0 0 0 0 0 0 0 56.50234 56.50234 56.50234 56.50234 56.50234 56.50234 56.50234 56.50234 56.50234 56.50234 56.50234 56.50234 56.50234 56.50234 62.80525 92.81132 94.31337 94.31337 94.31337 92.93829 93.17649 94.30775 93.33065 92.72877 91.06545 90.08943 90.08943 90.08943 90.08943 91.41892 107.2645 110.0958 110.0958 110.0958 110.0958 110.0958 110.0958 110.0958 159.7646 278.776 283.6411 222.5574 225.1186 225.1521
0 0 0 0 0 0 0 0 0 0 0 0 0 0 0 0 0 0 0 0 0 0 0 0 0 0 0 56.50234 56.50234 56.50234 56.50234 56.50234 56.50234 56.50234 56.50234 56.50234 56.50234 56.50234 56.50234 56.50234 59.62538 92.22558 94.31337 94.31337 94.31337 94.31337 94.31337 94.31337 94.31337 94.31337 93.76677 90.41692 90.08944 90.08944 90.08944 90.27406 105.0081 110.0958 110.0958 110.0958 110.0958 110.0958 110.0958 110.5103 207.2291 325.837 344.3096 321.0324 251.5565 225.1521
0 0 0 0 0 0 0 0 0 0 0 0 0 0 0 0 0 0 0 0 0 0 0 0 0 0 0 56.50234 56.50234 56.50234 56.50234 56.50234 56.50234 56.50234 56.50234 56.50234 56.50234 56.50234 56.50234 56.50234 64.11108 89.24395 94.31338 94.31338 94.31338 94.31338 94.31338 94.31338 94.31338 94.31338 94.31338 93.91657 92.56621 92.3814 97.21014 108.137 110.0958 110.0958 110.0958 110.0958 110.0958 110.0958 110.0958 110.1333 150.4204 179.8259 255.7224 338.1828 324.627 266.1058
0 0 0 0 0 0 0 0 0 0 0 0 0 0 0 0 0 0 0 0 0 0 0 0 0 0 0 0 56.50234 56.50234 56.50234 56.50234 56.50234 56.50234 56.50234 56.50234 56.50234 56.50234 56.50234 56.50234 61.83777 93.66087 94.31337 94.31337 94.31337 94.31337 94.31337 94.31337 94.31337 94.31337 94.31337 94.31337 94.31337 99.35505 110.0317 110.0958 110.0958 110.0958 110.0958 110.0958 110.0958 110.0958 118.1506 143.907 179.8233 179.8347 179.8347 226.6402 254.3712 309.5244
0 0 0 0 0 0 0 0 0 0 0 0 0 0 0 0 0 0 0 0 0 0 0 0 0 0 0 0 0 56.50234 56.50234 56.50234 56.50234 56.50234 56.50234 56.50234 56.50234 56.5055 74.72749 72.84624 112.3656 105.6552 100.5613 94.31337 94.65925 94.31337 94.31337 94.31337 94.31337 94.31337 94.31337 94.31337 94.31337 104.5005 108.6582 108.9399 108.1502 109.2428 110.0958 110.0958 119.4093 149.4335 178.5291 179.8347 179.8347 179.8347 179.8347 179.8347 179.8347 192.8577
0 0 0 0 0 0 0 0 0 0 0 0 0 0 0 0 0 0 0 0 0 0 0 0 0 0 0 0 0 0 56.50234 56.50234 56.50234 56.50234 56.50234 56.72432 76.10795 112.5332 128.9431 129.2739 413.8286 132.4262 128.8386 115.8652 121.849 100.6721 94.31337 94.31337 94.31337 94.31337 94.31337 94.31337 94.31337 96.32502 105.491 106.5634 106.5634 129.7821 138.032 159.7968 175.8383 179.8347 179.8347 179.8347 179.8347 179.8347 179.8347 179.8347 179.8347 179.8347
0 0 0 0 0 0 0 0 0 0 0 0 0 0 0 0 0 0 0 0 0 0 0 0 0 0 0 0 0 0 0 0 0 56.50234 56.50234 90.05112 129.2739 129.2739 129.2739 371.7709 810.7226 321.2089 129.2739 129.2739 129.2739 113.5836 94.31337 94.31337 94.31337 94.31337 94.31337 94.74308 100.3513 106.2053 106.5634 106.5634 106.5634 126.0927 175.8907 179.8347 179.8347 179.8347 179.8347 179.8347 179.8347 179.8347 179.8347 179.8347 179.8347 179.8347
0 0 0 0 0 0 0 0 0 0 0 0 0 0 0 0 0 0 0 0 0 0 0 0 0 0 0 0 0 0 0 0 0 0 0 0 129.2739 159.8903 445.1634 808.9259 723.2069 312.107 129.2739 129.2739 129.2739 111.049 94.31336 94.31336 94.31336 94.31336 94.32979 104.2542 106.5634 106.5634 106.5634 106.5634 106.5634 107.4269 155.5095 179.8347 179.8347 179.8347 179.8347 179.8347 179.8347 179.8347 172.7336 172.4539 165.0381 174.063
0 0 0 0 0 0 0 0 0 0 0 0 0 0 0 0 0 0 0 0 0 0 0 0 0 0 0 0 0 0 0 0 0 0 0 129.2739 129.2739 541.7648 748.5731 811.7821 778.176 288.4324 129.2739 129.2739 129.2739 129.1117 118.4648 98.42639 94.31337 95.06732 102.9328 106.5634 106.5634 106.5634 106.5634 106.5634 106.5634 106.7186 120.3396 136.9736 178.7602 179.8347 179.8347 179.8347 179.8347 165.0936 129.39 124.4328 124.4328 126.7332
0 0 0 0 0 0 0 0 0 0 0 0 0 0 0 0 0 0 0 0 0 0 0 0 0 0 0 0 0 0 0 0 0 0 129.2739 129.2739 129.2739 161.214 178.1308 209.9557 129.8406 129.2739 129.2739 129.2739 129.2739 129.2739 129.2739 112.0688 104.9757 108.0488 106.5634 106.5634 106.5634 106.5634 106.5634 106.5634 106.5634 106.5634 106.5634 111.3567 122.0068 152.0503 159.4647 151.3512 177.9967 147.3233 124.4328 124.4328 124.4328 124.4328
0 0 0 0 0 0 0 0 0 0 0 0 0 0 0 0 0 0 0 0 0 0 0 0 0 0 0 0 0 0 0 0 0 0 129.2739 129.2739 129.2739 129.2739 129.2739 129.2739 129.2739 129.2739 129.2739 129.2739 129.2739 129.2739 134.1226 137.1176 139.8621 115.2584 106.5634 106.5634 106.5634 106.5634 106.5634 106.5634 106.5634 106.5634 106.5634 115.7085 130.8199 130.8199 130.8199 137.0636 154.5361 126.0355 124.4328 124.4328 124.4328 124.4328
0 0 0 0 0 0 0 0 0 0 0 0 0 0 0 0 0 0 0 0 0 0 0 0 0 0 0 0 0 0 0 0 129.2739 129.2739 129.2739 129.2739 129.2739 129.2739 129.2739 129.2739 129.2739 129.2739 129.2739 135.1142 150.1317 168.8049 180.1274 185.5552 186.1617 179.4462 138.7126 137.7957 112.7257 106.5634 106.8861 106.5634 109.9726 113.4876 117.2076 128.5351 130.8199 130.8199 130.8199 132.0878 135.9314 128.9021 124.4328 124.4328 124.4328 124.4328
0 0 0 0 0 0 0 0 0 0 0 0 0 0 0 0 0 0 0 0 0 0 0 0 0 0 0 0 0 0 0 0 133.9209 138.5354 133.7472 130.1065 129.2739 129.2739 129.2739 131.3293 133.3104 149.3936 164.5044 183.8251 184.0008 184.0039 184.169 186.1344 186.1617 186.1617 186.1617 186.1617 179.159 159.0056 144.3014 115.7982 129.0785 130.8199 130.8199 130.8199 130.8199 130.8199 130.8199 145.033 168.1703 166.0769 140.9976 124.4328 124.4328 124.4328
